Date,Highest Impact,Title,Display Authors,Area,Additional Metadata,Conference or Journal,Workshop,Superlative,Paper Link,Project Link,All Authors,EAI Affils
"Jun 16, 2019",,One Epoch Is All You Need,Komatsuzaki,"Training Models, Learning Dynamics",,,,,https://arxiv.org/abs/1906.06669,,Aran Komatsuzaki,Aran Komatsuzaki
"Sep 15, 2020",,Current Limitations of Large Language Models: What You Need is Retrieval,Komatsuzaki,Training Models,,,,,https://arxiv.org/abs/2009.06857,,Aran Komatsuzaki,Aran Komatsuzaki
"Dec 12, 2020",,Pitfalls in Machine Learning Research: Reexamining the Development Cycle,Biderman and Scheirer,Misc.,,,I Can't Believe It's Not Better! @ NeurIPS,,https://arxiv.org/abs/2011.02832,,Stella Biderman; Walter J. Scheirer,Stella Biderman
"Dec 31, 2020",TRUE,The Pile: An 800GB Dataset of Diverse Text for Language Modeling,"Gao, Biderman, and 10 others",Data,,,,,https://arxiv.org/abs/2101.00027,,Leo Gao; Stella Biderman; Sid Black; Laurence Golding; Travis Hoppe; Charles Foster; Jason Phang; Horace He; Anish Thite; Noa Nabeshima; Shawn Presser; Connor Leahy,Leo Gao; Stella Biderman; Sid Black; Laurence Golding; Travis Hoppe; Charles Foster; Jason Phang; Horace He; Anish Thite; Noa Nabeshima; Shawn Presser; Connor Leahy
"Feb 12, 2021",,Multiversal Views on Language Models,Reynolds and McDonell,Misc.,,,,,https://arxiv.org/abs/2102.06391,,Laria Reynolds; Kyle McDonell,Laria Reynolds; Kyle McDonell
"Feb 15, 2021",TRUE,Prompt Programming for Large Language Models: Beyond the Few-Shot Paradigm,Reynolds and McDonell,Misc.,,,,,https://arxiv.org/abs/2102.07350,,Laria Reynolds; Kyle McDonell,Laria Reynolds; Kyle McDonell
"Apr 7, 2021",,Scaling Scaling Laws with Board Games,Jones,"Training Models, Learning Dynamics",,,,,https://arxiv.org/abs/2104.03113,,Andy L. Jones,Andy L. Jones
"Apr 27, 2021",,The Hard Problem of Aligning AI to Human Values,Leahy and Biderman,"Behavioral Safety, AI Governance & Societal Impacts",,"The State of AI Ethics Report, Volume 4",,,https://arxiv.org/abs/2105.09060,,Connor Leahy; Stella Biderman,Connor Leahy; Stella Biderman
"Jun 11, 2021",,Towards a Model-Theoretic View of Narratives,"Castricato, Biderman, Thue, and Cardona-Rivera",Misc.,,,Workshop on Narrative Understanding @ NAACL,,https://arxiv.org/abs/2103.12872,,Louis Castricato; Stella Biderman; David Thue; Rogelio Cardona-Rivera,Louis Castricato; Stella Biderman
"Jun 11, 2021",,Fabula Entropy Indexing: Objective Measures of Story Coherence,"Castricato, Frazier, Balloch, and Riedl",Evaluation,,,Workshop on Narrative Understanding @ NAACL,,https://arxiv.org/abs/2104.07472,,Louis Castricato; Spencer Frazier; Jonathan Balloch; Mark Riedl,Louis Castricato
"Sep 2, 2021",,An empirical exploration in quality filtering of text data,Gao,Data,,,,,https://arxiv.org/abs/2109.00698,,Leo Gao,Leo Gao
"Oct 6, 2021",,Cut the CARP: Fishing for zero-shot story evaluation,"Matiana, Smith, Teehan, Castricato, Biderman, Gao, and Frazier",Evaluation,,,,,https://arxiv.org/abs/2110.03111,,Shahbuland Matiana; JR Smith; Ryan Teehan; Louis Castricato; Stella Biderman; Leo Gao; Spencer Frazier,Shahbuland Matiana; JR Smith; Ryan Teehan; Louis Castricato; Stella Biderman; Leo Gao; Spencer Frazier
"Dec 14, 2021",TRUE,LAION-400M: Open Dataset of CLIP-Filtered 400 Million Image-Text Pairs,"Schuhmann, Vencu, Beaumont, Kaczmarczyk, Mullis, Katta, Coombes, Jitsev, and Komatsuzaki","Data, Multimodal",,,Workshop on Data-Centric AI @ NeurIPS,,https://arxiv.org/abs/2111.02114,,Christoph Schuhmann; Richard Vencu; Romain Beaumont; Robert Kaczmarczyk; Clayton Mullis; Aarush Katta; Theo Coombes; Jenia Jitsev; Aran Komatsuzaki,Aran Komatsuzaki
"Jan 5, 2022",,MP-NeRF: A massively parallel method for accelerating protein structure reconstruction from internal coordinates,"Alcaide, Biderman, Telenti, and Maher",AI4Science,,Journal of Computational Chemistry,,,https://pubmed.ncbi.nlm.nih.gov/34709663/,,Eric Alcaide; Stella Biderman; Amalio Telenti; M. Cyrus Maher,Eric Alcaide; Stella Biderman
"Jan 31, 2022",TRUE,Quality at a Glance: An Audit of Web-Crawled Multilingual Datasets,"Kreutzer, Caswell, Wang, Wahab, van Esch, and 47 others","Data, Multilingual",,TACL,AfricaNLP Workshop @ EACL,,https://arxiv.org/abs/2103.12028,,Julia Kreutzer; Isaac Caswell; Lisa Wang; Ahsan Wahab; Daan van Esch; Nasanbayar Ulzii-Orshikh; Allahsera Tapo; Nishant Subramani; Artem Sokolov; Claytone Sikasote; Monang Setyawan; Supheakmungkol Sarin; Sokhar Samb; Benoît Sagot; Clara Rivera; Annette Rios Gonzales; Isabel Papadimitriou; Salomey Osei; Pedro Ortiz Suarez; Iroro Orife; Kelechi Ogueji; Andre Niyongabo Rubungo; Toan Q. Nguyen; Mathias Müller; André Müller; Shamsuddeen Hassan Muhammad; Nanda Muhammad; Ayanda Mnyakeni; Jamshidbek Mirzakhalov; Tapiwanashe Matangira; Colin Leong; Nze Lawson; Sneha Kudugunta; Yacine Jernite; Mathias Jenny; Orhan Firat; Bonaventure F. P. Dossou; Sakhile Dlamini; Nisansa De Silva; Sakine Çabuk Ballı; Stella Biderman; Alessia Battisti; Ahmed Baruwa; Ankur Bapna; Pallavi Baljekar; Israel Abebe Azime; Ayodele Awokoya; Duygu Ataman; Orevaoghene Ahia; Oghenefego Ahia; Sweta Agrawal; Mofetoluwa Adeyemi,Stella Biderman
"Apr 25, 2022",TRUE,Multitask Prompted Training Enables Zero-Shot Task Generalization,"Sanh, Webson, Raffel, Bach, and 37 others",Training Models,,ICLR,,Spotlight at ICLR 2022,https://arxiv.org/abs/2110.08207,,Victor Sanh; Albert Webson; Colin Raffel; Stephen H. Bach; Lintang Sutawika; Zaid Alyafeai; Antoine Chaffin; Arnaud Stiegler; Teven Le Scao; Arun Raja; Manan Dey; Mehwish Bari; Canwen Xu; Urmish Thakker; Shanya Sharma; Eliza Szczechla; Taewoon Kim; Gunjan Chhablani; Nihal V. Nayak; Debajyoti Datta; Jonathan Chang; Mike Tian-Jian Jiang; Han Wang; Matteo Manica; Sheng Shen; Zheng-Xin Yong; Harshit Pandey; Rachel Bawden; Thomas J. Wang; Trishala Neeraj; Jos Rozen; Abheesht Sharma; Andrea Santilli; Thibault Févry; Jason Fries; Ryan Teehan; Tali Bers; Stella Biderman; Leo Gao; Thomas Wolf; Alexander M. Rush,Stella Biderman; Leo Gao
"May 22, 2022",,PromptSource: An Integrated Development Environment and Repository for Natural Language Prompts,"Bach, Sanh, Yong, Webson, Raffel, and 22 others",Data,,ACL 2022 System Demonstrations,,,https://arxiv.org/abs/2202.01279,,Stephen H. Bach; Victor Sanh; Zheng Xin Yong; Albert Webson; Colin Raffel; Nihal V. Nayak; Abheesht Sharma; Taewoon Kim; M Saiful Bari; Thibault Févry; Zaid Alyafeai; Manan Dey; Andrea Santilli; Zhiqing Sun; Srulik Ben-David; Canwen Xu; Gunjan Chhablani; Han Wang; Jason Alan Fries; Maged S. Al-shaibani; Shanya Sharma; Urmish Thakker; Khalid Almubarak; Xiangru Tang; Dragomir Radev; Mike Tian-Jian Jiang; Alexander M. Rush,
"May 28, 2022",TRUE,GPT-NeoX-20B: An Open-Source Autoregressive Language Model,"Black, Biderman, Hallahan, and 14 others",Training Models,,,Workshop on Challenges & Perspectives in Creating Large Language Models @ ACL,,https://arxiv.org/abs/2204.06745,,Sidney Black; Stella Biderman; Eric Hallahan; Quentin Anthony; Leo Gao; Laurence Golding; Horace He; Connor Leahy; Kyle McDonell; Jason Phang; Michael Pieler; Usvsn Sai Prashanth; Shivanshu Purohit; Laria Reynolds; Jonathan Tow; Ben Wang; Samuel Weinbach,Sidney Black; Stella Biderman; Eric Hallahan; Quentin Anthony; Leo Gao; Laurence Golding; Horace He; Connor Leahy; Kyle McDonell; Jason Phang; Michael Pieler; USVSN Sai Prashanth; Shivanshu Purohit; Laria Reynolds; Jonathan Tow; Ben Wang; Samuel Weinbach
"May 28, 2022",,You reap what you sow: On the Challenges of Bias Evaluation Under Multilingual Settings,"Talat, Névéol, Biderman, Clinciu, Dey, and 11 others","Evaluation, Behavioral Safety, Multilingual",,,Workshop on Challenges & Perspectives in Creating Large Language Models @ ACL,,https://aclanthology.org/2022.bigscience-1.3/,,Zeerak Talat; Aurelie Neveol; Stella Biderman; Miruna Clinciu; Manan Dey; Shayne Longpre; Sasha Luccioni; Maraim Masoud; Margaret Mitchell; Dragomir Radev; Shanya Sharma; Arjun Subramonian; Jaesung Tae; Samson Tan; Deepak Tunuguntla; Oskar Van Der Wal,Stella Biderman
"Jun 13, 2022",,Datasheet for the Pile,"Biderman, Bicheno, and Gao",Data,,,,,https://arxiv.org/abs/2201.07311,,Stella Biderman; Kieran Bicheno; Leo Gao,Stella Biderman; Kieran Bicheno; Leo Gao
"Jun 20, 2022",,Data Governance in the Age of Large-Scale Data-Driven Language Technology,"Jernite, Nguyen, Biderman, Rogers, Masoud, and 16 others","Data, AI Governance & Societal Impacts",,FAccT,,,https://arxiv.org/abs/2206.03216,,Yacine Jernite; Huu Du Nguyen; Stella Biderman; Anna Rogers; Maraim Masoud; Valentin Danchev; Samson Tan; Alexandra Sasha Luccioni; Nishant Subramani; Isaac Johnson; Gérard Dupont; Jesse Dodge; Kyle Lo; Zeerak Talat; Dragomir Radev; Aaron Gokaslan; Somaieh Nikpoor; Peter Henderson; Rishi Bommasani; Margaret Mitchell,Stella Biderman
"Oct 1, 2022",,Musical audio samples generated from joint text embeddings ,"Evans, Hawley, and Crowson","Multimodal, Training Models",,The Journal of the Acoustical Society of America ,,,https://pubs.aip.org/asa/jasa/article/152/4_Supplement/A178/2839990/Musical-audio-samples-generated-from-joint-text,,Zach Evans; Scott H. Hawley; Katherine Crowson,Katherine Crowson
"Oct 15, 2022",,Robust Preference Learning for Storytelling via Contrastive Reinforcement Learning,"Castricato, Havrilla, Matiana, Pieler, Ye, Yang, Frazier, and Riedl",Training Models,,,,,https://arxiv.org/abs/2210.07792,,Louis Castricato; Alexander Havrilla; Shahbuland Matiana; Michael Pieler; Anbang Ye; Ian Yang; Spencer Frazier; Mark Riedl,Michael Pieler
"Oct 17, 2022",,Fooling MOSS with Pretrained Language Models,Biderman and Raff,"Evaluation, Security",,CIKM,,,https://arxiv.org/abs/2201.07406,,Stella Biderman; Edward Raff,Stella Biderman
"Oct 23, 2022",TRUE,VQGAN-CLIP: Open Domain Image Generation and Editing with Natural Language Guidance,"Crowson, Biderman, Kornis, Stander, Hallahan, Castricato, and Raff",Multimodal,,ECCV,,,https://arxiv.org/abs/2204.08583,,Katherine Crowson; Stella Biderman; Daniel Kornis; Dashiell Stander; Eric Hallahan; Louis Castricato; Edward Raff,Katherine Crowson; Stella Biderman; Dashiell Stander; Eric Hallahan; Louis Castricato
"Nov 10, 2022",TRUE,BLOOM: A 176b-parameter open-access multilingual language model,"Le Scao, Fan, Akiki, Pavlick, Ilić, Hesslow, Castagné, Luccioni, Yvon, Gallé, Tow, Rush, Biderman, Webson, Ammanamanchi, Wang, Sagot, Muennighoff, Villanova del Moral, Ruwase, Bawden, Bekman, McMillan-Major, Wolf, Beltagy, Nguyen, Saulnier, Tan, Ortiz Suarez, Sanh, Laurençon, Jernite, Launay, Mitchell, Raffel, and 357 others","Training Models, Multilingual",,TMLR,,,https://arxiv.org/abs/2211.05100,,Teven Le Scao; Angela Fan; Christopher Akiki; Ellie Pavlick; Suzana Ilić; Daniel Hesslow; Roman Castagné; Alexandra Sasha Luccioni; François Yvon; Matthias Gallé; Jonathan Tow; Alexander M. Rush; Stella Biderman; Albert Webson; Pawan Sasanka Ammanamanchi; Thomas Wang; Benoît Sagot; Niklas Muennighoff; Albert Villanova del Moral; Olatunji Ruwase; Rachel Bawden; Stas Bekman; Angelina McMillan-Major; Iz Beltagy; Huu Nguyen; Lucile Saulnier; Samson Tan; Pedro Ortiz Suarez; Victor Sanh; Hugo Laurençon; Yacine Jernite; Julien Launay; Margaret Mitchell; Colin Raffel; Aaron Gokaslan; Adi Simhi; Aitor Soroa; Alham Fikri Aji; Amit Alfassy; Anna Rogers; Ariel Kreisberg Nitzav; Canwen Xu; Chenghao Mou; Chris Emezue; Christopher Klamm; Colin Leong; Daniel van Strien; David Ifeoluwa Adelani; Dragomir Radev; Eduardo González Ponferrada; Efrat Levkovizh; Ethan Kim; Eyal Bar Natan; Francesco De Toni; Gérard Dupont; Germán Kruszewski; Giada Pistilli; Hady Elsahar; Hamza Benyamina; Hieu Tran; Ian Yu; Idris Abdulmumin; Isaac Johnson; Itziar Gonzalez-Dios; Javier de la Rosa; Jenny Chim; Jesse Dodge; Jian Zhu; Jonathan Chang; Jörg Frohberg; Joseph Tobing; Joydeep Bhattacharjee; Khalid Almubarak; Kimbo Chen; Kyle Lo; Leandro Von Werra; Leon Weber; Long Phan; Loubna Ben allal; Ludovic Tanguy; Manan Dey; Manuel Romero Muñoz; Maraim Masoud; María Grandury; Mario Šaško; Max Huang; Maximin Coavoux; Mayank Singh; Mike Tian-Jian Jiang; Minh Chien Vu; Mohammad A. Jauhar; Mustafa Ghaleb; Nishant Subramani; Nora Kassner; Nurulaqilla Khamis; Olivier Nguyen; Omar Espejel; Ona de Gibert; Paulo Villegas; Peter Henderson; Pierre Colombo; Priscilla Amuok; Quentin Lhoest; Rheza Harliman; Rishi Bommasani; Roberto Luis López; Rui Ribeiro; Salomey Osei; Sampo Pyysalo; Sebastian Nagel; Shamik Bose; Shamsuddeen Hassan Muhammad; Shanya Sharma; Shayne Longpre; Somaieh Nikpoor; Stanislav Silberberg; Suhas Pai; Sydney Zink; Tiago Timponi Torrent; Timo Schick; Tristan Thrush; Valentin Danchev; Vassilina Nikoulina; Veronika Laippala; Violette Lepercq; Vrinda Prabhu; Zaid Alyafeai; Zeerak Talat; Arun Raja; Benjamin Heinzerling; Chenglei Si; Davut Emre Taşar; Elizabeth Salesky; Sabrina J. Mielke; Wilson Y. Lee; Abheesht Sharma; Andrea Santilli; Antoine Chaffin; Arnaud Stiegler; Debajyoti Datta; Eliza Szczechla; Gunjan Chhablani; Han Wang; Harshit Pandey; Hendrik Strobelt; Jason Alan Fries; Jos Rozen; Leo Gao; Lintang Sutawika; M Saiful Bari; Maged S. Al-shaibani; Matteo Manica; Nihal Nayak; Ryan Teehan; Samuel Albanie; Sheng Shen; Srulik Ben-David; Stephen H. Bach; Taewoon Kim; Tali Bers; Thibault Fevry; Trishala Neeraj; Urmish Thakker; Vikas Raunak; Xiangru Tang; Zheng-Xin Yong; Zhiqing Sun; Shaked Brody; Yallow Uri; Hadar Tojarieh; Adam Roberts; Hyung Won Chung; Jaesung Tae; Jason Phang; Ofir Press; Conglong Li; Deepak Narayanan; Hatim Bourfoune; Jared Casper; Jeff Rasley; Max Ryabinin; Mayank Mishra; Minjia Zhang; Mohammad Shoeybi; Myriam Peyrounette; Nicolas Patry; Nouamane Tazi; Omar Sanseviero; Patrick von Platen; Pierre Cornette; Pierre François Lavallée; Rémi Lacroix; Samyam Rajbhandari; Sanchit Gandhi; Shaden Smith; Stéphane Requena; Suraj Patil; Tim Dettmers; Ahmed Baruwa; Amanpreet Singh; Anastasia Cheveleva; Anne-Laure Ligozat; Arjun Subramonian; Aurélie Névéol; Charles Lovering; Dan Garrette; Deepak Tunuguntla; Ehud Reiter; Ekaterina Taktasheva; Ekaterina Voloshina; Eli Bogdanov; Genta Indra Winata; Hailey Schoelkopf; Jan-Christoph Kalo; Jekaterina Novikova; Jessica Zosa Forde; Jordan Clive; Jungo Kasai; Ken Kawamura; Liam Hazan; Marine Carpuat; Miruna Clinciu; Najoung Kim; Newton Cheng; Oleg Serikov; Omer Antverg; Oskar van der Wal; Rui Zhang; Ruochen Zhang; Sebastian Gehrmann; Shachar Mirkin; Shani Pais; Tatiana Shavrina; Thomas Scialom; Tian Yun; Tomasz Limisiewicz; Verena Rieser; Vitaly Protasov; Vladislav Mikhailov; Yada Pruksachatkun; Yonatan Belinkov; Zachary Bamberger; Zdeněk Kasner; Alice Rueda; Amanda Pestana; Amir Feizpour; Ammar Khan; Amy Faranak; Ana Santos; Anthony Hevia; Antigona Unldreaj; Arash Aghagol; Arezoo Abdollahi; Aycha Tammour; Azadeh HajiHosseini; Bahareh Behroozi; Benjamin Ajibade; Bharat Saxena; Carlos Muñoz Ferrandis; Daniel McDuff; Danish Contractor; David Lansky; Davis David; Douwe Kiela; Duong A. Nguyen; Edward Tan; Emi Baylor; Ezinwanne Ozoani; Fatima Mirza; Frankline Ononiwu; Habib Rezanejad; Hessie Jones; Indrani Bhattacharya; Irene Solaiman; Irina Sedenko; Isar Nejadgholi; Jesse Passmore; Josh Seltzer; Julio Bonis Sanz; Livia Dutra; Mairon Samagaio; Maraim Elbadri; Margot Mieskes; Marissa Gerchick; Martha Akinlolu; Michael McKenna; Mike Qiu; Muhammed Ghauri; Mykola Burynok; Nafis Abrar; Nazneen Rajani; Nour Elkott; Nour Fahmy; Olanrewaju Samuel; Ran An; Rasmus Kromann; Ryan Hao; Samira Alizadeh; Sarmad Shubber; Silas Wang; Sourav Roy; Sylvain Viguier; Thanh Le; Tobi Oyebade; Trieu Le; Yoyo Yang; Zach Nguyen; Abhinav Ramesh Kashyap; Alfredo Palasciano; Alison Callahan; Anima Shukla; Antonio Miranda-Escalada; Ayush Singh; Benjamin Beilharz; Bo Wang; Caio Brito; Chenxi Zhou; Chirag Jain; Chuxin Xu; Clémentine Fourrier; Daniel León Periñán; Daniel Molano; Dian Yu; Enrique Manjavacas; Fabio Barth; Florian Fuhrimann; Gabriel Altay; Giyaseddin Bayrak; Gully Burns; Helena U. Vrabec; Imane Bello; Ishani Dash; Jihyun Kang; John Giorgi; Jonas Golde; Jose David Posada; Karthik Rangasai Sivaraman; Lokesh Bulchandani; Lu Liu; Luisa Shinzato; Madeleine Hahn de Bykhovetz; Maiko Takeuchi; Marc Pàmies; Maria A Castillo; Marianna Nezhurina; Mario Sänger; Matthias Samwald; Michael Cullan; Michael Weinberg; Michiel De Wolf; Mina Mihaljcic; Minna Liu; Moritz Freidank; Myungsun Kang; Natasha Seelam; Nathan Dahlberg; Nicholas Michio Broad; Nikolaus Muellner; Pascale Fung; Patrick Haller; Ramya Chandrasekhar; Renata Eisenberg; Robert Martin; Rodrigo Canalli; Rosaline Su; Ruisi Su; Samuel Cahyawijaya; Samuele Garda; Shlok S Deshmukh; Shubhanshu Mishra; Sid Kiblawi; Simon Ott; Sinee Sang-aroonsiri; Srishti Kumar; Stefan Schweter; Sushil Bharati; Tanmay Laud; Théo Gigant; Tomoya Kainuma; Wojciech Kusa; Yanis Labrak; Yash Shailesh Bajaj; Yash Venkatraman; Yifan Xu; Yingxin Xu; Yu Xu; Zhe Tan; Zhongli Xie; Zifan Ye; Mathilde Bras; Younes Belkada; Thomas Wolf,Stella Biderman; Jason Phang; Leo Gao
"Nov 28, 2022",TRUE,The BigScience ROOTS Corpus: A 1.6TB Composite Multilingual Dataset,"Laurençon, Saulnier, Wang, Akiki, Villanova del Moral, and 49 others","Data, Multilingual",,NeurIPS Datasets and Benchmarks,,Featured Paper at NeurIPS Datasets and Benchmarks Track,https://arxiv.org/abs/2303.03915,,Hugo Laurençon; Lucile Saulnier; Thomas Wang; Christopher Akiki; Albert Villanova del Moral; Teven Le Scao; Leandro Von Werra; Chenghao Mou; Eduardo González Ponferrada; Huu Nguyen; Jörg Frohberg; Mario Šaško; Quentin Lhoest; Angelina McMillan-Major; Gerard Dupont; Stella Biderman; Anna Rogers; Loubna Ben allal; Francesco De Toni; Giada Pistilli; Olivier Nguyen; Somaieh Nikpoor; Maraim Masoud; Pierre Colombo; Javier de la Rosa; Paulo Villegas; Tristan Thrush; Shayne Longpre; Sebastian Nagel; Leon Weber; Manuel Muñoz; Jian Zhu; Daniel Van Strien; Zaid Alyafeai; Khalid Almubarak; Minh Chien Vu; Itziar Gonzalez-Dios; Aitor Soroa; Kyle Lo; Manan Dey; Pedro Ortiz Suarez; Aaron Gokaslan; Shamik Bose; David Adelani; Long Phan; Hieu Tran; Ian Yu; Suhas Pai; Jenny Chim; Violette Lepercq; Suzana Ilic; Margaret Mitchell; Sasha Alexandra Luccioni; Yacine Jernite,Stella Biderman
"Nov 28, 2022",TRUE,LAION-5B: An open large-scale dataset for training next generation image-text models,"Schuhmann, Beaumont, Vencu, Gordon, Wightman, Cherti, and 10 others","Data, Multimodal",,NeurIPS Datasets and Benchmarks,,Outstanding Datasets and Benchmarks Paper at NeurIPS,https://arxiv.org/abs/2210.08402,,Christoph Schuhmann; Romain Beaumont; Richard Vencu; Cade Gordon; Ross Wightman; Mehdi Cherti; Theo Coombes; Aarush Katta; Clayton Mullis; Mitchell Wortsman; Patrick Schramowski; Srivatsa Kundurthy; Katherine Crowson; Ludwig Schmidt; Robert Kaczmarczyk; Jenia Jitsev,Katherine Crowson
"Nov 28, 2022",TRUE,"EleutherAI: Going Beyond ""Open Science"" to ""Science in the Open""","Phang, Bradley, Gao, Castricato, and Biderman",Misc.,,,Workshop on Broadening Research Collaborations @ NeurIPS,"Oral at Broadening Research Collaborations Workshop, NeurIPS",https://arxiv.org/abs/2210.06413,,Jason Phang; Herbie Bradley; Leo Gao; Louis Castricato; Stella Biderman,Jason Phang; Herbie Bradley; Leo Gao; Louis Castricato; Stella Biderman
"Dec 1, 2022",,What Language Model to Train if You Have One Million GPU Hours?,"Le Scao, Wang, Hesslow, Saulnier, Bekman, and 14 others",Training Models,,EMNLP (Findings),,,https://arxiv.org/abs/2210.15424,,Teven Le Scao; Thomas Wang; Daniel Hesslow; Stas Bekman; M Saiful Bari; Stella Biderman; Hady Elsahar; Niklas Muennighoff; Jason Phang; Ofir Press; Colin Raffel; Victor Sanh; Sheng Shen; Lintang Sutawika; Jaesung Tae; Zheng Xin Yong; Julien Launay; Iz Beltagy,Stella Biderman; Jason Phang
"Jan 9, 2023",,SantaCoder: don't reach for the stars!,"Ben Allal, Li, Kocetkov, Mou, Akiki, and 36 others",Training Models,,,Deep Learning for Code (DL4C) Workshop @ ICLR,Best Paper,https://arxiv.org/abs/2301.03988,,Hailey Schoelkopf,Hailey Schoelkopf
"Jan 21, 2023",,Masked inverse folding with sequence transfer for protein representation learning,"Yang, Zanichelli, and Yeh","AI4Science, Training Models",,Protein Engineering Design and Selection,,,https://pubmed.ncbi.nlm.nih.gov/37883472/,,Niccolò Zanichelli,Niccolò Zanichelli
"Feb 24, 2023",TRUE,ProofNet: Autoformalizing and Formally Proving Undergraduate-Level Mathematics,"Azerbayev, Piotrowski, Schoelkopf, Ayers, Radev, and Avigad","Evaluation, AI4Science",,,MATH-AI Workshop @ NeurIPS,Oral,https://arxiv.org/abs/2302.12433,,Hailey Schoelkopf,Hailey Schoelkopf
"May 1, 2023",,Sparse Upcycling: Training Mixture-of-Experts from Dense Checkpoints,"Komatsuzaki, Puigcerver, Lee-Thorp, Riquelme Ruiz, Mustafa, Ainslie, Tay, Dehghani, and Houlsby",Training Models,,ICLR 2023,,,https://arxiv.org/abs/2212.05055,,Aran Komatsuzaki,Aran Komatsuzaki
"May 11, 2023",,Beyond the Imitation Game: Quantifying and extrapolating the capabilities of language models,"Srivastava, Rastogi, Rao, Shoeb, Abid, and 446 others",Evaluation,,TMLR,,Outstanding Paper Finalist,https://arxiv.org/abs/2206.04615,,Aarohi Srivastava; Abhinav Rastogi; Abhishek Rao; Abu Awal Md Shoeb; Abubakar Abid; Adam Fisch; Adam R. Brown; Adam Santoro; Aditya Gupta; Adrià Garriga-Alonso; Agnieszka Kluska; Aitor Lewkowycz; Akshat Agarwal; Alethea Power; Alex Ray; Alex Warstadt; Alexander W. Kocurek; Ali Safaya; Ali Tazarv; Alice Xiang; Alicia Parrish; Allen Nie; Aman Hussain; Amanda Askell; Amanda Dsouza; Ambrose Slone; Ameet Rahane; Anantharaman S. Iyer; Anders Andreassen; Andrea Madotto; Andrea Santilli; Andreas Stuhlmüller; Andrew Dai; Andrew La; Andrew Lampinen; Andy Zou; Angela Jiang; Angelica Chen; Anh Vuong; Animesh Gupta; Anna Gottardi; Antonio Norelli; Anu Venkatesh; Arash Gholamidavoodi; Arfa Tabassum; Arul Menezes; Arun Kirubarajan; Asher Mullokandov; Ashish Sabharwal; Austin Herrick; Avia Efrat; Aykut Erdem; Ayla Karakaş; B. Ryan Roberts; Bao Sheng Loe; Barret Zoph; Bartłomiej Bojanowski; Batuhan Özyurt; Behnam Hedayatnia; Behnam Neyshabur; Benjamin Inden; Benno Stein; Berk Ekmekci; Bill Yuchen Lin; Blake Howald; Bryan Orinion; Cameron Diao; Cameron Dour; Catherine Stinson; Cedrick Argueta; César Ferri Ramírez; Chandan Singh; Charles Rathkopf; Chenlin Meng; Chitta Baral; Chiyu Wu; Chris Callison-Burch; Chris Waites; Christian Voigt; Christopher D. Manning; Christopher Potts; Cindy Ramirez; Clara E. Rivera; Clemencia Siro; Colin Raffel; Courtney Ashcraft; Cristina Garbacea; Damien Sileo; Dan Garrette; Dan Hendrycks; Dan Kilman; Dan Roth; Daniel Freeman; Daniel Khashabi; Daniel Levy; Daniel Moseguí González; Danielle Perszyk; Danny Hernandez; Danqi Chen; Daphne Ippolito; Dar Gilboa; David Dohan; David Drakard; David Jurgens; Debajyoti Datta; Deep Ganguli; Denis Emelin; Denis Kleyko; Deniz Yuret; Derek Chen; Derek Tam; Dieuwke Hupkes; Diganta Misra; Dilyar Buzan; Dimitri Coelho Mollo; Diyi Yang; Dong-Ho Lee; Dylan Schrader; Ekaterina Shutova; Ekin Dogus Cubuk; Elad Segal; Eleanor Hagerman; Elizabeth Barnes; Elizabeth Donoway; Ellie Pavlick; Emanuele Rodola; Emma Lam; Eric Chu; Eric Tang; Erkut Erdem; Ernie Chang; Ethan A. Chi; Ethan Dyer; Ethan Jerzak; Ethan Kim; Eunice Engefu Manyasi; Evgenii Zheltonozhskii; Fanyue Xia; Fatemeh Siar; Fernando Martínez-Plumed; Francesca Happé; Francois Chollet; Frieda Rong; Gaurav Mishra; Genta Indra Winata; Gerard de Melo; Germán Kruszewski; Giambattista Parascandolo; Giorgio Mariani; Gloria Wang; Gonzalo Jaimovitch-López; Gregor Betz; Guy Gur-Ari; Hana Galijasevic; Hannah Kim; Hannah Rashkin; Hannaneh Hajishirzi; Harsh Mehta; Hayden Bogar; Henry Shevlin; Hinrich Schütze; Hiromu Yakura; Hongming Zhang; Hugh Mee Wong; Ian Ng; Isaac Noble; Jaap Jumelet; Jack Geissinger; Jackson Kernion; Jacob Hilton; Jaehoon Lee; Jaime Fernández Fisac; James B. Simon; James Koppel; James Zheng; James Zou; Jan Kocoń; Jana Thompson; Janelle Wingfield; Jared Kaplan; Jarema Radom; Jascha Sohl-Dickstein; Jason Phang; Jason Wei; Jason Yosinski; Jekaterina Novikova; Jelle Bosscher; Jennifer Marsh; Jeremy Kim; Jeroen Taal; Jesse Engel; Jesujoba Alabi; Jiacheng Xu; Jiaming Song; Jillian Tang; Joan Waweru; John Burden; John Miller; John U. Balis; Jonathan Batchelder; Jonathan Berant; Jörg Frohberg; Jos Rozen; Jose Hernandez-Orallo; Joseph Boudeman; Joseph Guerr; Joseph Jones; Joshua B. Tenenbaum; Joshua S. Rule; Joyce Chua; Kamil Kanclerz; Karen Livescu; Karl Krauth; Karthik Gopalakrishnan; Katerina Ignatyeva; Katja Markert; Kaustubh D. Dhole; Kevin Gimpel; Kevin Omondi; Kory Mathewson; Kristen Chiafullo; Ksenia Shkaruta; Kumar Shridhar; Kyle McDonell; Kyle Richardson; Laria Reynolds; Leo Gao; Li Zhang; Liam Dugan; Lianhui Qin; Lidia Contreras-Ochando; Louis-Philippe Morency; Luca Moschella; Lucas Lam; Lucy Noble; Ludwig Schmidt; Luheng He; Luis Oliveros Colón; Luke Metz; Lütfi Kerem Şenel; Maarten Bosma; Maarten Sap; Maartje ter Hoeve; Maheen Farooqi; Manaal Faruqui; Mantas Mazeika; Marco Baturan; Marco Marelli; Marco Maru; Maria Jose Ramírez Quintana; Marie Tolkiehn; Mario Giulianelli; Martha Lewis; Martin Potthast; Matthew L. Leavitt; Matthias Hagen; Mátyás Schubert; Medina Orduna Baitemirova; Melody Arnaud; Melvin McElrath; Michael A. Yee; Michael Cohen; Michael Gu; Michael Ivanitskiy; Michael Starritt; Michael Strube; Michał Swędrowski; Michele Bevilacqua; Michihiro Yasunaga; Mihir Kale; Mike Cain; Mimee Xu; Mirac Suzgun; Mitch Walker; Mo Tiwari; Mohit Bansal; Moin Aminnaseri; Mor Geva; Mozhdeh Gheini; Mukund Varma T; Nanyun Peng; Nathan A. Chi; Nayeon Lee; Neta Gur-Ari Krakover; Nicholas Cameron; Nicholas Roberts; Nick Doiron; Nicole Martinez; Nikita Nangia; Niklas Deckers; Niklas Muennighoff; Nitish Shirish Keskar; Niveditha S. Iyer; Noah Constant; Noah Fiedel; Nuan Wen; Oliver Zhang; Omar Agha; Omar Elbaghdadi; Omer Levy; Owain Evans; Pablo Antonio Moreno Casares; Parth Doshi; Pascale Fung; Paul Pu Liang; Paul Vicol; Pegah Alipoormolabashi; Peiyuan Liao; Percy Liang; Peter Chang; Peter Eckersley; Phu Mon Htut; Pinyu Hwang; Piotr Miłkowski; Piyush Patil; Pouya Pezeshkpour; Priti Oli; Qiaozhu Mei; Qing Lyu; Qinlang Chen; Rabin Banjade; Rachel Etta Rudolph; Raefer Gabriel; Rahel Habacker; Ramon Risco; Raphaël Millière; Rhythm Garg; Richard Barnes; Rif A. Saurous; Riku Arakawa; Robbe Raymaekers; Robert Frank; Rohan Sikand; Roman Novak; Roman Sitelew; Ronan LeBras; Rosanne Liu; Rowan Jacobs; Rui Zhang; Ruslan Salakhutdinov; Ryan Chi; Ryan Lee; Ryan Stovall; Ryan Teehan; Rylan Yang; Sahib Singh; Saif M. Mohammad; Sajant Anand; Sam Dillavou; Sam Shleifer; Sam Wiseman; Samuel Gruetter; Samuel R. Bowman; Samuel S. Schoenholz; Sanghyun Han; Sanjeev Kwatra; Sarah A. Rous; Sarik Ghazarian; Sayan Ghosh; Sean Casey; Sebastian Bischoff; Sebastian Gehrmann; Sebastian Schuster; Sepideh Sadeghi; Shadi Hamdan; Sharon Zhou; Shashank Srivastava; Sherry Shi; Shikhar Singh; Shima Asaadi; Shixiang Shane Gu; Shubh Pachchigar; Shubham Toshniwal; Shyam Upadhyay; Shyamolima; Debnath; Siamak Shakeri; Simon Thormeyer; Simone Melzi; Siva Reddy; Sneha Priscilla Makini; Soo-Hwan Lee; Spencer Torene; Sriharsha Hatwar; Stanislas Dehaene; Stefan Divic; Stefano Ermon; Stella Biderman; Stephanie Lin; Stephen Prasad; Steven T. Piantadosi; Stuart M. Shieber; Summer Misherghi; Svetlana Kiritchenko; Swaroop Mishra; Tal Linzen; Tal Schuster; Tao Li; Tao Yu; Tariq Ali; Tatsu Hashimoto; Te-Lin Wu; Théo Desbordes; Theodore Rothschild; Thomas Phan; Tianle Wang; Tiberius Nkinyili; Timo Schick; Timofei Kornev; Titus Tunduny; Tobias Gerstenberg; Trenton Chang; Trishala Neeraj; Tushar Khot; Tyler Shultz; Uri Shaham; Vedant Misra; Vera Demberg; Victoria Nyamai; Vikas Raunak; Vinay Ramasesh; Vinay Uday Prabhu; Vishakh Padmakumar; Vivek Srikumar; William Fedus; William Saunders; William Zhang; Wout Vossen; Xiang Ren; Xiaoyu Tong; Xinran Zhao; Xinyi Wu; Xudong Shen; Yadollah Yaghoobzadeh; Yair Lakretz; Yangqiu Song; Yasaman Bahri; Yejin Choi; Yichi Yang; Yiding Hao; Yifu Chen; Yonatan Belinkov; Yu Hou; Yufang Hou; Yuntao Bai; Zachary Seid; Zhuoye Zhao; Zijian Wang; Zijie J. Wang; Zirui Wang; Ziyi Wu,Stella Biderman; Leo Gao
"May 14, 2023",TRUE,Eliciting latent predictions from transformers with the tuned lens,"Belrose, Ostrovsky, McKinney, Furman, Smith, Halawi, Biderman, and Steinhardt",Model Internals,,,,,https://arxiv.org/abs/2303.08112,,Nora Belrose; Igor Ostrovsky; Lev McKinney; Zach Furman; Logan Smith; Danny Halawi; Stella Biderman; Jacob Steinhardt,Stella Biderman; Leo Gao
"May 24, 2023",,Can Transformers Learn to Solve Problems Recursively?,"Zhang, Tigges, Biderman, Raginsky, and Ringer",Model Internals,,Extended to a published paper,,,https://arxiv.org/abs/2305.14699,,Shizhuo Dylan Zhang; Curt Tigges; Stella Biderman; Maxim Raginsky; Talia Ringer,Curt Tigges; Stella Biderman
"May 25, 2023",TRUE,Role-Play with Large Language Models,"Shanahan, McDonell, and Reynolds",Behavioral Safety,,Nature,,,https://arxiv.org/abs/2305.16367,,Murray Shanahan; Kyle McDonell; Laria Reynolds,Kyle McDonell; Laria Reynolds
"Jun 6, 2023",,A Technical Report for Polyglot-Ko: Open-Source Large-Scale Korean Language Models,"Ko, Yang, Ryu, Choi, Yang, Hyun, Park, and Park","Training Models, Data, Multilingual",,,,,https://arxiv.org/abs/2306.02254,,Hyunwoong Ko; Kichang Yang; Minho Ryu; Taekyoon Choi; Seungmu Yang; Jiwung Hyun; Sungho Park; Kyubyong Park,Hyunwoong Ko; Kichang Yang; Minho Ryu; Taekyoon Choi; Seungmu Yang; Jiwung Hyun; Sungho Park; Kyubyong Park
"Jun 9, 2023",,Evaluating the Social Impact of Generative AI Systems in Systems and Society,"Solaiman, Talat, Agnew, Ahmad, Baker, and 26 others","Evaluation, Behavioral Safety, AI Governance & Societal Impacts",,,,,https://arxiv.org/abs/2306.05949,,Irene Solaiman; Zeerak Talat; William Agnew; Lama Ahmad; Dylan Baker; Su Lin Blodgett; Canyu Chen; Hal Daumé III; Jesse Dodge; Isabella Duan; Ellie Evans; Felix Friedrich; Avijit Ghosh; Usman Gohar; Sara Hooker; Yacine Jernite; Ria Kalluri; Alberto Lusoli; Alina Leidinger; Michelle Lin; Xiuzhu Lin; Sasha Luccioni; Jennifer Mickel; Margaret Mitchell; Jessica Newman; Anaelia Ovalle; Marie-Therese Png; Shubham Singh; Andrew Strait; Lukas Struppek; Arjun Subramonian,Jennifer Mickel
"Jul 9, 2023",,BLOOM+1: Adding Language Support to BLOOM for Zero-Shot Prompting,"Yong, Schoelkopf, Muennighoff, Aji, and 11 others","Training Models, Multilingual",,ACL,,,https://arxiv.org/abs/2212.09535,,Zheng-Xin Yong; Hailey Schoelkopf; Niklas Muennighoff; Alham Fikri Aji; David Ifeoluwa Adelani; Khalid Almubarak; M Saiful Bari; Lintang Sutawika; Jungo Kasai; Ahmed Baruwa; Genta Indra Winata; Stella Biderman; Edward Raff; Dragomir Radev; Vassilina Nikoulina,Hailey Schoelkopf; Lintang Sutawika; Stella Biderman
"Jul 9, 2023",TRUE,Crosslingual Generalization through Multitask Finetuning,"Muennighoff, Wang, Sutawika, Roberts, Biderman, and 14 others","Training Models, Data, Multilingual",,ACL,,,https://arxiv.org/abs/2211.01786,,Niklas Muennighoff; Thomas Wang; Lintang Sutawika; Adam Roberts; Stella Biderman; Teven Le Scao; M Saiful Bari; Sheng Shen; Zheng Xin Yong; Hailey Schoelkopf; Xiangru Tang; Dragomir Radev; Alham Fikri Aji; Khalid Almubarak; Samuel Albanie; Zaid Alyafeai; Albert Webson; Edward Raff; Colin Raffel,Lintang Sutawika; Stella Biderman; Hailey Schoelkopf
"Jul 9, 2023",,GAIA Search: Hugging Face and Pyserini Interoperability for NLP Training Data Exploration,"Piktus, Ogundepo, Akiki, Oladipo, Zhang, Schoelkopf, Biderman, Potthast, and Lin",Data,,ACL 2023 Demos Track,,,https://arxiv.org/abs/2306.01481,,Aleksandra Piktus; Odunayo Ogundepo; Christopher Akiki; Akintunde Oladipo; Xinyu Zhang; Hailey Schoelkopf; Stella Biderman; Martin Potthast; Jimmy Lin,Hailey Schoelkopf; Stella Biderman
"Jul 19, 2023",,Challenges and Applications of Large Language Models,"Kaddour, Harris, Mozes, Bradley, Raileanu, and McHardy",Misc.,,,,,https://arxiv.org/abs/2307.10169,,Jean Kaddour; Joshua Harris; Maximilian Mozes; Herbie Bradley; Roberta Raileanu; Robert McHardy,Herbie Bradley
"Jul 23, 2023",TRUE,Continual Pre-Training of Large Language Models: How to (re)warm your model?,"Gupta, Thérien, Ibrahim, Richter, Anthony, Belilovsky, Rish, and Lesort","Training Models, Learning Dynamics",,Extended to a published paper,Workshop on Efficient Systems for Foundation Models @ ICML,,https://arxiv.org/abs/2308.04014,,Kshitij Gupta; Benjamin Thérien; Adam Ibrahim; Mats L. Richter; Quentin Anthony; Eugene Belilovsky; Irina Rish; Timothée Lesort,Quentin Anthony
"Jul 23, 2023",,HyperTuning: Toward Adapting Large Language Models without Back-propagation,"Phang, Mao, He, and Chen",Training Models,,ICML,,,https://arxiv.org/abs/2211.12485,,Jason Phang; Yi Mao; Pengcheng He; Weizhu Chen,Jason Phang
"Jul 23, 2023",,Recasting Self-Attention with Holographic Reduced Representations,"Alam, Raff, Biderman, Oates, and Holt",Training Models,,ICML,,,https://arxiv.org/abs/2305.19534,,Mohammad Mahmudul Alam; Edward Raff; Stella Biderman; Tim Oates; James Holt,Stella Biderman
"Jul 23, 2023",TRUE,Pythia: A Suite for Analyzing Large Language Models Across Training and Scaling,"Biderman, Schoelkopf, and 11 others","Training Models, Learning Dynamics, Model Internals, Open-Weight Safety",,ICML,,Oral at ICML,https://arxiv.org/abs/2304.01373,,Stella Biderman; Hailey Schoelkopf; Quentin Anthony; Herbie Bradley; Kyle O'Brien; Eric Hallahan; Mohammad Aflah Khan; Shivanshu Purohit; USVSN Sai Prashanth; Edward Raff; Aviya Skowron; Lintang Sutawika; Oskar van der Wal,Stella Biderman; Hailey Schoelkopf; Quentin Anthony; Herbie Bradley; Kyle O'Brien; Eric Hallahan; Shivanshu Purohit; USVSN Sai Prashanth; Aviya Skowron; Lintang Sutawika
"Jul 25, 2023",TRUE,ARB: Advanced Reasoning Benchmark for Large Language Models,"Sawada, Paleka, Havrilla, Tadepalli, Vidas, Kranias, Nay, Gupta, and Komatsuzaki","Evaluation, AI4Science",,,,,https://arxiv.org/abs/2307.13692,,Tomohiro Sawada; Daniel Paleka; Alexander Havrilla; Pranav Tadepalli; Paula Vidas; Alexander Kranias; John J. Nay; Kshitij Gupta; Aran Komatsuzaki,Alexander Havrilla; Aran Komatsuzaki
"Aug 29, 2023",,Reclaiming the Digital Commons: A Public Data Trust for Training Data,"Chan, Bradley, and Rajkumar","Data, AI Governance & Societal Impacts",,AIES,,,https://arxiv.org/abs/2303.09001,,Alan Chan; Herbie Bradley; Nitarshan Rajkumar,Herbie Bradley
"Sep 23, 2023",,Towards Meta-Models for Automated Interpretability,"Langosco, Alex, Baker, Quarel, Bradley, and Krueger",Model Internals,,,,,https://openreview.net/forum?id=fM1ETm3ssl,,Lauro Langosco; Neel Alex; William Baker; David John Quarel; Herbie Bradley; David Krueger,Herbie Bradley
"Oct 2, 2023",,Representation Engineering: A Top-Down Approach to AI Transparency,"Zou, Phan, Chen, Campbell, Guo, Ren, and 15 others","Model Internals, Behavioral Safety",,,,,https://arxiv.org/abs/2310.01405,,Andy Zou; Long Phan; Sarah Chen; James Campbell; Phillip Guo; Richard Ren; Alexander Pan; Xuwang Yin; Mantas Mazeika; Ann-Kathrin Dombrowski; Shashwat Goel; Nathaniel Li; Michael J. Byun; Zifan Wang; Alex Mallen; Steven Basart; Sanmi Koyejo; Dawn Song; Matt Fredrikson; J. Zico Kolter; Dan Hendrycks,Alex Mallen
"Nov 1, 2023",,Utilizing Weak Supervision to Generate Indonesian Conservation Datasets,"Fransiska, Pitaloka, Saripudin, Putra, and Sutawika","Data, Multilingual",,,Workshop on Southeast Asian Language Processing @ AACL,,https://arxiv.org/abs/2310.11258,,Mega Fransiska; Diah Pitaloka; Saripudin; Satrio Putra; Lintang Sutawika,Lintang Sutawika
"Nov 1, 2023",,Current Status of NLP in South East Asia with Insights from Multilingualism and Language Diversity,"Aji, Forde, Loo, Sutawika, Wang, and 6 others","AI Governance & Societal Impacts, Multilingual",,IJCNLP-AACL,,,https://aclanthology.org/2023.ijcnlp-tutorials.2/,,Alham Fikri Aji; Jessica Zosa Forde; Alyssa Marie Loo; Lintang Sutawika; Skyler Wang; Genta Indra Winata; Zheng Xin Yong; Ruochen Zhang; A. Seza Doğruöz; Yin Lin Tan; Jan Christian Blaise Cruz,Lintang Sutawika
"Dec 1, 2023",,StarCoder: may the source be with you!,"von Werra, de Vries, and 65 others","Training Models, Data",,TMLR,,VentureBeat’s 2024 Best Enterprise Implementation of Generative AI (Software),https://arxiv.org/abs/2305.06161,,Raymond Li; Loubna Ben Allal; Yangtian Zi; Niklas Muennighoff; Denis Kocetkov; Chenghao Mou; Marc Marone; Christopher Akiki; Jia Li; Jenny Chim; Qian Liu; Evgenii Zheltonozhskii; Terry Yue Zhuo; Thomas Wang; Olivier Dehaene; Mishig Davaadorj; Joel Lamy-Poirier; João Monteiro; Oleh Shliazhko; Nicolas Gontier; Nicholas Meade; Armel Zebaze; Ming-Ho Yee; Logesh Kumar Umapathi; Jian Zhu; Benjamin Lipkin; Muhtasham Oblokulov; Zhiruo Wang; Rudra Murthy; Jason Stillerman; Siva Sankalp Patel; Dmitry Abulkhanov; Marco Zocca; Manan Dey; Zhihan Zhang; Nour Fahmy; Urvashi Bhattacharyya; Wenhao Yu; Swayam Singh; Sasha Luccioni; Paulo Villegas; Maxim Kunakov; Fedor Zhdanov; Manuel Romero; Tony Lee; Nadav Timor; Jennifer Ding; Claire Schlesinger; Hailey Schoelkopf; Jan Ebert; Tri Dao; Mayank Mishra; Alex Gu; Jennifer Robinson; Carolyn Jane Anderson; Brendan Dolan-Gavitt; Danish Contractor; Siva Reddy; Daniel Fried; Dzmitry Bahdanau; Yacine Jernite; Carlos Muñoz Ferrandis; Sean Hughes; Thomas Wolf; Arjun Guha; Leandro von Werra; Harm de Vries,Hailey Schoelkopf
"Dec 1, 2023",,2023 Open Source Generative AI Survey Report,"Lawson, Gerosa, Hendrick, White, Hyde, and Biderman",AI Governance & Societal Impacts,,Linux Foundation Research,,,https://www.linuxfoundation.org/research/2023-generative-ai-study,,Adrienn Lawson; Marco Gerosa; Stephen Hendrick; Matt White; Lucy Hyde; Stella Biderman,Stella Biderman
"Dec 6, 2023",,trlX: A Framework for Large Scale Reinforcement Learning from Human Feedback,"Havrilla, Zhuravinskyi, Phung, Tiwari, Tow, Biderman, Anthony, and Castricato","Training Models, Behavioral Safety",,EMNLP,,,https://aclanthology.org/2023.emnlp-main.530/,,Alexander Havrilla; Maksym Zhuravinskyi; Duy Phung; Aman Tiwari; Jonathan Tow; Stella Biderman; Quentin Anthony; Louis Castricato,Shivanshu Purohit; Stella Biderman; Quentin Gregory Anthony
"Dec 6, 2023",TRUE,RWKV: Reinventing RNNs for the Transformer Era,"Peng, Alcaide, Anthony, and 31 others",Training Models,,EMNLP (Findings),,,https://arxiv.org/abs/2305.13048,,Bo Peng; Eric Alcaide; Quentin Anthony; Alon Albalak; Samuel Arcadinho; Stella Biderman; Huanqi Cao; Xin Cheng; Michael Chung; Matteo Grella; Kranthi Kiran GV; Xuzheng He; Haowen Hou; Jiaju Lin; Przemyslaw Kazienko; Jan Kocon; Jiaming Kong; Bartlomiej Koptyra; Hayden Lau; Krishna Sri Ipsit Mantri; Ferdinand Mom; Atsushi Saito; Guangyu Song; Xiangru Tang; Bolun Wang; Johan S. Wind; Stanislaw Wozniak; Ruichong Zhang; Zhenyuan Zhang; Qihang Zhao; Peng Zhou; Qinghua Zhou; Jian Zhu; Rui-Jie Zhu,Bo Peng; Eric Alcaide; Quentin Anthony; Alon Albalak; Samuel Arcadinho; Stella Biderman; Kranthi Kiran GV; Xuzheng He; Hayden Lau; Atsushi Saito; Zhenyuan Zhang
"Dec 7, 2023",,Prompting Multilingual Large Language Models to Generate Code-Mixed Texts: The Case of South East Asian Languages,"Yong, Zhang, Forde, Wang, Subramonian, and 10 others","Data, Multilingual",,,Workshop on Computational Approaches to Linguistic Code-Switching @ EMNLP,,https://arxiv.org/abs/2303.13592,,Zheng-Xin Yong; Ruochen Zhang; Jessica Zosa Forde; Skyler Wang; Arjun Subramonian; Holy Lovenia; Samuel Cahyawijaya; Genta Indra Winata; Lintang Sutawika; Jan Christian Blaise Cruz; Yin Lin Tan; Long Phan; Rowena Garcia; Thamar Solorio; Alham Fikri Aji,Lintang Sutawika
"Dec 10, 2023",TRUE,Emergent and Predictable Memorization in Large Language Models,"Biderman, Prashanth, Sutawika, Schoelkopf, Anthony, Purohit, and Raff","Learning Dynamics, Behavioral Safety",,NeurIPS,,,https://arxiv.org/abs/2304.11158,,Stella Biderman; USVSN Sai Prashanth; Lintang Sutawika; Hailey Schoelkopf; Quentin Anthony; Shivanshu Purohit; Edward Raff,Stella Biderman; USVSN Sai Prashanth; Lintang Sutawika; Hailey Schoelkopf; Quentin Anthony; Shivanshu Purohit
"Dec 10, 2023",TRUE,LEACE: Perfect linear concept erasure in closed form,"Belrose, Schneider-Joseph, Ravfogel, Cotterell, Raff, and Biderman","Model Internals, Behavioral Safety",,NeurIPS,,,https://arxiv.org/abs/2306.03819,,Nora Belrose; David Schneider-Joseph; Shauli Ravfogel; Ryan Cotterell; Edward Raff; Stella Biderman,Nora Belrose; David Schneider-Joseph; Stella Biderman
"Dec 10, 2023",,Reconstructing the Mind's Eye: fMRI-to-Image with Contrastive Learning and Diffusion Priors,"Scotti, Banerjee, Goode, and 9 others","AI4Science, Multimodal",,NeurIPS,,Spotlight at NeurIPS,https://arxiv.org/abs/2305.18274,,Paul S. Scotti; Atmadeep Banerjee; Jimmie Goode; Stepan Shabalin; Alex Nguyen; Ethan Cohen; Aidan J. Dempster; Nathalie Verlinde; Elad Yundler; David Weisberg; Kenneth A. Norman; Tanishq Mathew Abraham,Tanishq Mathew Abraham
"Dec 10, 2023",,The Goldilocks of Pragmatic Understanding: Fine-Tuning Strategy Matters for Implicature Resolution by LLMs,"Ruis, Khan, Biderman, Hooker, Rocktäschel, and Grefenstette",Misc.,,NeurIPS,,Spotlight at NeurIPS,https://arxiv.org/abs/2210.14986,,Laura Ruis; Akbir Khan; Stella Biderman; Sara Hooker; Tim Rocktäschel; Edward Grefenstette,Stella Biderman
"Dec 10, 2023",,Neural MMO 2.0: A Massively Multi-task Addition to Massively Multi-Agent Learning,"Suárez, Isola, Choe, Bloomin, Li, and 13 others","Training Models, Evaluation",,NeurIPS Datasets and Benchmarks,,,https://arxiv.org/abs/2311.03736,,Joseph Suárez; Phillip Isola; Kyoung Whan Choe; David Bloomin; Hao Xiang Li; Nikhil Pinnaparaju; Nishaanth Kanna; Daniel Scott; Ryan Sullivan; Rose S. Shuman; Lucas de Alcântara; Herbie Bradley; Louis Castricato; Kirsty You; Yuhao Jiang; Qimai Li; Jiaxin Chen; Xiaolong Zhu,Herbie Bradley
"Dec 13, 2023",,BigBIO: A Framework for Data-Centric Biomedical Natural Language Processing,"Fries, Weber, Seelam, Altay, and 39 others","Data, AI4Science",,NeurIPS Datasets and Benchmarks,,,https://arxiv.org/abs/2206.15076,,Jason Alan Fries; Leon Weber; Natasha Seelam; Gabriel Altay; Debajyoti Datta; Samuele Garda; Myungsun Kang; Ruisi Su; Wojciech Kusa; Samuel Cahyawijaya; Fabio Barth; Simon Ott; Matthias Samwald; Stephen Bach; Stella Biderman; Mario Sänger; Bo Wang; Alison Callahan; Daniel León Periñán; Théo Gigant; Patrick Haller; Jenny Chim; Jose David Posada; John Michael Giorgi; Karthik Rangasai Sivaraman; Marc Pàmies; Marianna Nezhurina; Robert Martin; Michael Cullan; Moritz Freidank; Nathan Dahlberg; Shubhanshu Mishra; Shamik Bose; Nicholas Michio Broad; Yanis Labrak; Shlok S Deshmukh; Sid Kiblawi; Ayush Singh; Minh Chien Vu; Trishala Neeraj; Jonas Golde; Albert Villanova del Moral; Benjamin Beilharz,Stella Biderman
"Dec 15, 2023",,Detecting Backdoors with Meta-Models,"Langosco, Alex, Baker, Quarel, Bradley, and Krueger","Model Internals, Open-Weight Safety, Security",,,Backdoors in Deep Learning @ NeurIPS,,https://openreview.net/forum?id=cmJiEqniEc,,Lauro Langosco; Neel Alex; William Baker; David Quarel; Herbie Bradley; David Krueger,Herbie Bradley
"Dec 16, 2023",,Eliciting Language Model Behaviors using Reverse Language Models,"Pfau, Infanger, Sheshadri, Panda, Michael, and Huebner","Evaluation, Behavioral Safety",,,SoLaR Workshop @ NeurIPS,"Spotlight at SoLaR Workshop, NeurIPS",https://neurips.cc/virtual/2023/workshop/66526#collapse78917,,Jacob Pfau; Alex Infanger; Abhay Sheshadri; Ayush Panda; Julian Michael; Curtis Huebner,Alex Infanger; Curtis Huebner
"Feb 1, 2024",,Comparative Study of Large Language Model Architectures on Frontier,"Yin, Bose, Cong, Lyngaas, and Anthony","Training Models, AI4Science",,,,,https://arxiv.org/abs/2402.00691,,Junqi Yin; Avishek Bose; Guojing Cong; Isaac Lyngaas; Quentin Anthony,Quentin Anthony
"Feb 12, 2024",,Suppressing Pink Elephants with Direct Principle Feedback,"Castricato, Lile, Anand, Schoelkopf, Verma, and Biderman","Behavioral Safety, Open-Weight Safety",,,,,https://arxiv.org/abs/2402.07896,,Louis Castricato; Nathan Lile; Suraj Anand; Hailey Schoelkopf; Siddharth Verma; Stella Biderman,Louis Castricato; Hailey Schoelkopf; Stella Biderman
"Feb 18, 2024",,The OpenELM Library: Leveraging Progress in Language Models for Novel Evolutionary Algorithms,"Bradley, Fan, Galanos, Zhou, Scott, and Lehman",Misc.,,Genetic Programming Theory & Practice,,,https://openreview.net/forum?id=C0SGtHjr4wK,,Herbie Bradley; Honglu Fan; Theodoros Galanos; Ryan Zhou; Daniel Scott; Joel Lehman,Herbie Bradley; Honglu Fan; Theodoros Galanos; Ryan Zhou; Daniel Scott
"Feb 26, 2024",,Investigating the Effectiveness of HyperTuning via Gisting,Phang,Training Models,,,,,https://arxiv.org/abs/2402.16817,,Jason Phang,Jason Phang
"Apr 27, 2024",,Musically Aware Automatic Piano Transcription Using Synthetic Pretraining,"Bradshaw, Colton, Spangher, and Biderman","Multimodal, Training Models, Data, Evaluation",,,,,https://www.alexander-spangher.com/papers/aria_amt.pdf,,Louis Bradshaw; Simon Colton; Alexander Spangher; Stella Biderman,Stella Biderman
"May 2, 2024",,Holographic Global Convolutional Networks for Long-Range Prediction Tasks in Malware Detection,"Alam, Raff, Biderman, Oates, and Holt","Training Models, Security",,AISTATS,,,https://arxiv.org/abs/2403.17978,,Mohammad Mahmudul Alam; Edward Raff; Stella Biderman; Tim Oates; James Holt,Stella Biderman
"May 7, 2024",TRUE,LLeMA: An Open Language Model for Mathematics,"Azerbayev, Schoelkopf, Paster, Dos Santos, McAleer, Jiang, Deng, Biderman, and Welleck","Training Models, Data, AI4Science",,ICLR,MATH-AI Workshop @ NeurIPS,,https://arxiv.org/abs/2310.10631,,Zhangir Azerbayev; Hailey Schoelkopf; Keiran Paster; Marco Dos Santos; Stephen McAleer; Albert Q. Jiang; Jia Deng; Stella Biderman; Sean Welleck,Zhangir Azerbayev; Hailey Schoelkopf; Stella Biderman
"May 7, 2024",TRUE,OpenWebMath: An Open Dataset of High-Quality Mathematical Web Text,"Paster, Dos Santos, Azerbayev, and Ba","Data, AI4Science",,ICLR,MATH-AI Workshop @ NeurIPS,"Oral at MATH-AI Workshop, NeurIPS",https://arxiv.org/abs/2310.06786,,Keiran Paster; Marco Dos Santos; Zhangir Azerbayev; Jimmy Ba,
"May 7, 2024",,Quality-Diversity through AI Feedback,"Bradley, Dai, Teufel, Zhang, Oostermeijer, Bellagente, Clune, Stanley, Schott, and Lehman",Misc.,,ICLR,Workshop on Agent Learning in Open-Endedness @ NeurIPS,,https://arxiv.org/abs/2310.13032,,Herbie Bradley; Andrew Dai; Hannah Teufel; Jenny Zhang; Koen Oostermeijer; Marco Bellagente; Jeff Clune; Kenneth Stanley; Grégory Schott; Joel Lehman,Herbie Bradley
"May 7, 2024",TRUE,ReLoRA: High-Rank Training Through Low-Rank Updates,"Lialin, Shivagunde, Muckatira, and Rumshisky",Training Models,,ICLR,Workshop on Advancing Neural Network Training @ NeurIPS,,https://arxiv.org/abs/2307.05695,,Vladislav Lialin; Namrata Shivagunde; Sherin Muckatira; Anna Rumshisky,Vladislav Lialin
"May 7, 2024",TRUE,Sparse Autoencoders Find Highly Interpretable Features in Language Models,"Cunningham, Ewart, Riggs, Huben, and Sharkey",Model Internals,,ICLR,Workshop on Attributing Model Behavior at Scale @ NeurIPS,,https://arxiv.org/abs/2309.08600,,Hoagy Cunningham; Aidan Ewart; Logan Riggs; Robert Huben; Lee Sharkey,Hoagy Cunningham; Aidan Ewart; Logan Riggs
"May 7, 2024",TRUE,YaRN: Efficient Context Window Extension of Large Language Models,"Peng, Quesnelle, Fan, and Shippole",Training Models,,ICLR,,,https://arxiv.org/abs/2309.00071,,Bowen Peng; Jeffrey Quesnelle; Honglu Fan; Enrico Shippole,Honglu Fan
"May 11, 2024",,Attributing Mode Collapse in the fine-tuning of Large Language Models,"O'Mahony, Grinsztajn, Schoelkopf, and Biderman",Learning Dynamics,,,Workshop on Mathematical and Empirical Understanding of Foundation Models @ ICLR,,https://openreview.net/forum?id=3pDMYjpOxk,,Laura O'Mahony; Leo Grinsztajn; Hailey Schoelkopf; Stella R. Biderman,Laura O'Mahony; Leo Grinsztajn; Hailey Schoelkopf; Stella R. Biderman
"May 14, 2024",TRUE,OpenFold: Retraining AlphaFold2 yields new insights into its learning mechanisms and capacity for generalization,"Ahdritz, Bouatta, Kadyan, Xia, Gerecke, and 23 others","Training Models, AI4Science, Learning Dynamics",,Nature Methods,,,https://www.biorxiv.org/content/10.1101/2022.11.20.517210v3,,Gustaf Ahdritz; Nazim Bouatta; Christina Floristean; Sachin Kadyan; Qinghui Xia; William Gerecke; Timothy J O’Donnell; Daniel Berenberg; Ian Fisk; Niccolò Zanichelli; Bo Zhang; Arkadiusz Nowaczynski; Bei Wang; Marta M Stepniewska-Dziubinska; Shang Zhang; Adegoke Ojewole; Murat Efe Guney; Stella Biderman; Andrew M Watkins; Stephen Ra; Pablo Ribalta Lorenzo; Lucas Nivon; Brian Weitzner; Yih-En Andrew Ban; Peter K Sorger; Emad Mostaque; Zhao Zhang; Richard Bonneau; Mohammed AlQuraishi,Stella Biderman
"May 17, 2024",,Towards a Framework for Openness in Foundation Models: Proceedings from the Columbia Convening on Openness in Artificial Intelligence,"Basdevant, François, Storchan, Bankston, Bdeir, and 11 others",AI Governance & Societal Impacts,,,Columbia Convening on Openness in Artificial Intelligence,,https://arxiv.org/abs/2405.15802,,Adrien Basdevant; Camille François; Victor Storchan; Kevin Bankston; Ayah Bdeir; Brian Behlendorf; Merouane Debbah; Sayash Kapoor; Yann LeCun; Mark Surman; Helen King-Turvey; Nathan Lambert; Stefano Maffulli; Nik Marda; Govind Shivkumar; Justine Tunney,
"May 17, 2024",,Democratic Governance of AI Systems and Datasets,"Warso, Tarkowski, Avila, Gimpel, Skowron, Poli, Kusters, Pachouri, Raj, and Singh",AI Governance & Societal Impacts,,Think7 Policy Brief,,,https://openfuture.eu/wp-content/uploads/2024/05/240517Democratic_Governance_of_AI_Systems.pdf,,Zuzanna Warso; Alek Tarkowski; Renata Ávila; Lea Gimpel; Aviya Skowron; Eleonora Poli; Anselm Küsters; Anshul Pachouri; Abhishek Raj; Harsh Singh,Aviya Skowron
"May 20, 2024",,HAE-RAE Bench: Evaluation of Korean Knowledge in Language Models,"Son, Lee, Kim, Kim, Lee, Yeom, Jung, Kim, and Kim","Evaluation, Multilingual",,COLING,,,https://arxiv.org/abs/2309.02706,,Guijin Son; Hanwool Lee; Suwan Kim; Huiseo Kim; Jaecheol Lee; Je Won Yeom; Jihyu Jung; Jung Woo Kim; Songseong Kim,Guijin Son; Hanwool Lee; Suwan Kim; Huiseo Kim; Jaecheol Lee; Je Won Yeom; Jihyu Jung; Jung Woo Kim; Songseong Kim
"May 23, 2024",TRUE,Lessons from the Trenches on Reproducible Evaluation of Language Models,"Biderman, Schoelkopf, and Sutawika, and 27 others",Evaluation,,,,,https://arxiv.org/abs/2405.14782,,Stella Biderman; Hailey Schoelkopf; Lintang Sutawika; Leo Gao; Jonathan Tow; Baber Abbasi; Alham Fikri Aji; Pawan Sasanka Ammanamanchi; Sidney Black; Jordan Clive; Anthony DiPofi; Julen Etxaniz; Benjamin Fattori; Jessica Zosa Forde; Charles Foster; Jeffrey Hsu; Mimansa Jaiswal; Wilson Y. Lee; Haonan Li; Charles Lovering; Niklas Muennighoff; Ellie Pavlick; Jason Phang; Aviya Skowron; Samson Tan; Xiangru Tang; Kevin A. Wang; Genta Indra Winata; François Yvon; Andy Zou,Stella Biderman; Hailey Schoelkopf; Lintang Sutawika; Baber Abbasi; Leo Gao; Sidney Black; Anthony DiPofi; Benjamin Fattori; Jason Phang; Aviya Skowron
"Jun 7, 2024",,Simple and Scalable Strategies to Continually Pre-train Large Language Models,"Ibrahim, Thérien, Gupta, Richter, Anthony, Lesort, Belilovsky, and Rish","Training Models, Learning Dynamics",,TMLR,,,https://arxiv.org/abs/2403.08763,,Adam Ibrahim; Benjamin Thérien; Kshitij Gupta; Mats L. Richter; Quentin Anthony; Timothée Lesort; Eugene Belilovsky; Irina Rish,Adam Ibrahim; Benjamin Thérien; Kshitij Gupta; Mats L. Richter; Quentin Anthony; Timothée Lesort; Eugene Belilovsky; Irina Rish
"Jun 18, 2024",,Improving Black-box Robustness with In-Context Rewriting,"O'Brien, Ng, Puri, Mendez, Palangi, Kim, Ghassemi, and Hartvigsen",Misc.,,TMLR,,,https://arxiv.org/abs/2402.08225,,Kyle O'Brien; Nathan Ng; Isha Puri; Jorge Mendez; Hamid Palangi; Yoon Kim; Marzyeh Ghassemi; Thomas Hartvigsen,Kyle O'Brien
"Jul 16, 2024",,GoldFinch: High Performance RWKV/Transformer Hybrid with Linear Pre-Fill and Extreme KV-Cache Compression,"Goldstein, Obeid, Alcaide, Song, and Cheah",Training Models,,,,,https://arxiv.org/abs/2407.12077,,Daniel Goldstein; Fares Obeid; Eric Alcaide; Guangyu Song; Eugene Cheah,Daniel Goldstein; Fares Obeid; Eric Alcaide; Guangyu Song; Eugene Cheah
"Jul 21, 2024",,Scalable High-Resolution Pixel-Space Image Synthesis with Hourglass Diffusion Transformers,"Crowson, Baumann, Birch, Abraham, Kaplan, and Shippole","Training Models, Multimodal",,ICML,,,https://arxiv.org/abs/2401.11605,,Katherine Crowson; Stefan Andreas Baumann; Alex Birch; Tanishq Mathew Abraham; Daniel Z. Kaplan; Enrico Shippole,Katherine Crowson; Tanishq Mathew Abraham
"Jul 23, 2024",,Grokking Group Multiplication with Cosets,"Stander, Yu, Fan, and Biderman","Learning Dynamics, Model Internals",,ICML,,,https://arxiv.org/abs/2312.06581,,Dashiell Stander; Qinan Yu; Honglu Fan; Stella Biderman,Dashiell Stander; Qinan Yu; Honglu Fan; Stella Biderman
"Jul 23, 2024",,Neural Networks Learn Statistics of Increasing Complexity,"Belrose, Pope, Quirke, Mallen, and Fern",Learning Dynamics,,ICML,,,https://arxiv.org/abs/2402.04362,,Nora Belrose; Quintin Pope; Lucia Quirke; Alex Mallen; Xiaoli Fern,Nora Belrose; Lucia Quirke; Alex Mallen; Brennan Dury
"Jul 23, 2024",,Stay on topic with Classifier-Free Guidance,"Sanchez, Fan, Spangher, Levi, Ammanamanchi, and Biderman",Misc.,,ICML,,Spotlight at ICML 2024,https://arxiv.org/abs/2306.17806,,Guillaume Sanchez; Honglu Fan; Alexander Spangher; Elad Levi; Pawan Sasanka Ammanamanchi; Stella Biderman,Guillaume V. Sanchez; Honglu Fan; Pawan Sasanka Ammanamanchi; Stella Biderman
"Jul 23, 2024",,Social Choice Should Guide AI Alignment: On Dealing with Diverse Human Feedback,"Conitzer, Freedman, Heitzig, Holliday, Jacobs, and 7 others","Behavioral Safety, AI Governance & Societal Impacts",,ICML Position Paper Track,Society for Social Choice and Welfare,,https://arxiv.org/abs/2404.10271,,Vincent Conitzer; Rachel Freedman; Jobst Heitzig; Wesley H. Holliday; Bob M. Jacobs; Nathan Lambert; Milan Mossé; Eric Pacuit; Stuart Russell; Hailey Schoelkopf; Emanuel Tewolde; William S. Zwicker,Hailey Schoelkopf
"Jul 23, 2024",,A Safe Harbor for AI Evaluation and Red Teaming ,"Longpre, Kapoor, Klyman, Ramaswami, Bommasani, and 18 others","Evaluation, Behavioral Safety, AI Governance & Societal Impacts",,ICML Position Paper Track,,Oral at ICML,https://arxiv.org/abs/2403.04893,,Shayne Longpre; Sayash Kapoor; Kevin Klyman; Ashwin Ramaswami; Rishi Bommasani; Borhane Blili-Hamelin; Yangsibo Huang; Aviya Skowron; Zheng-Xin Yong; Suhas Kotha; Yi Zeng; Weiyan Shi; Xianjun Yang; Reid Southen; Alexander Robey; Patrick Chao; Diyi Yang; Ruoxi Jia; Daniel Kang; Sandy Pentland; Arvind Narayanan; Percy Liang; Peter Henderson,Aviya Skowron
"Jul 23, 2024",TRUE,On the Societal Impact of Open Foundation Models,"Kapoor, Bommasani, and 23 others","Open-Weight Safety, AI Governance & Societal Impacts",,ICML Position Paper Track,,Oral at ICML,https://arxiv.org/abs/2403.07918,,Sayash Kapoor; Rishi Bommasani; Kevin Klyman; Shayne Longpre; Ashwin Ramaswami; Peter Cihon; Aspen Hopkins; Kevin Bankston; Stella Biderman; Miranda Bogen; Rumman Chowdhury; Alex Engler; Peter Henderson; Yacine Jernite; Seth Lazar; Stefano Maffulli; Alondra Nelson; Joëlle Pineau; Aviya Skowron; Dawn Song; Victor Storchan; Dongke Zhang; Daniel E. Ho; Percy Liang; Arvind Narayanan,Stella Biderman; Aviya Skowron
"Jul 23, 2024",,Beyond Open vs. Closed: Emerging Consensus and Key Questions for Foundation AI Model Governance,"Bateman, Baer, Bell, Brown, and Cuellar, and 13 others","Open-Weight Safety, AI Governance & Societal Impacts",,Carnegie Endowment for International Peace,,,https://carnegieendowment.org/research/2024/07/beyond-open-vs-closed-emerging-consensus-and-key-questions-for-foundation-ai-model-governance,,Jon Bateman; Dan Baer; Stephanie Bell; Glenn Brown; Mariano-Florentino (Tino) Cuéllar; Deep Ganguli; Peter Henderson; Brodi Kotila; Larry Lessig; Nicklas Lundblad; Janet Napolitano; Deborah Raji; Elizabeth Seger; Matt Sheehan; Aviya Skowron; Irene Solaiman; Helen Toner; Polina Zvyagina,Aviya Skowron
"Jul 25, 2024",,Self-Directed Synthetic Dialogues and Revisions Technical Report,"Lambert, Schoelkopf, Gokaslan, Soldaini, Pyatkin, and Castricato",Data,,,,,https://arxiv.org/abs/2407.18421,,Nathan Lambert; Hailey Schoelkopf; Aaron Gokaslan; Luca Soldaini; Valentina Pyatkin; Louis Castricato,Hailey Schoelkopf
"Aug 1, 2024",,Multi-Task Inference: Can Large Language Models Follow Multiple Instructions at Once?,"Son, Baek, Nam, Jeong, and Kim",Evaluation,,ACL,Workshop on Mathematical and Empirical Understanding of Foundation Models @ ICLR,,https://arxiv.org/abs/2402.11597,,Guijin Son; Sangwon Baek; Sangdae Nam; Ilgyun Jeong; Seungone Kim,Guijin Son; Sangwon Baek; Sangdae Nam; Ilgyun Jeong
"Aug 1, 2024",,Cold Compress: A Toolkit for Benchmarking KV Cache Compression Approaches,"Adams, Ladhak, Schoelkopf, and Biswas",Misc.,,,,,https://github.com/AnswerDotAI/cold-compress,,Griffin Adams; Faisal Ladhak; Hailey Schoelkopf; Raja Biswas,Hailey Schoelkopf
"Aug 7, 2024",,Tree Attention: Topology-aware Decoding for Long-Context Attention on GPU Clusters,"Shyam, Pilault, Shepperd, Anthony, and Millidge",Training Models,,,,,https://arxiv.org/abs/2408.04093,,Vasudev Shyam; Jonathan Pilault; Emily Shepperd; Quentin Anthony; Beren Millidge,Emily Shepperd
"Aug 12, 2024",,The Case for Co-Designing Model Architectures with Hardware,"Anthony, Hatef, Narayanan, Biderman, Bekman, Yin, Shafi, Subramoni, and Panda",Training Models,,ICPP,,,https://arxiv.org/abs/2401.14489,,Quentin Anthony; Jacob Hatef; Deepak Narayanan; Stella Biderman; Stas Bekman; Junqi Yin; Aamir Shafi; Hari Subramoni; Dhabaleswar Panda,Quentin Anthony; Jacob Hatef; Stella Biderman
"Oct 7, 2024",,Eagle and Finch: RWKV with Matrix-Valued States and Dynamic Recurrence,"Peng, Goldstein, Anthony, Albalak, Alcaide, and 23 others",Training Models,,COLM,,,https://arxiv.org/abs/2404.05892,,Bo Peng; Daniel Goldstein; Quentin Anthony; Alon Albalak; Eric Alcaide; Stella Biderman; Eugene Cheah; Xingjian Du; Teddy Ferdinan; Haowen Hou; Przemysław Kazienko; Kranthi Kiran GV; Jan Kocoń; Bartłomiej Koptyra; Satyapriya Krishna; Ronald McClelland Jr.; Jiaju Lin; Niklas Muennighoff; Fares Obeid; Atsushi Saito; Guangyu Song; Haoqin Tu; Cahya Wirawan; Stanisław Woźniak; Ruichong Zhang; Bingchen Zhao; Qihang Zhao; Peng Zhou; Jian Zhu; Rui-Jie Zhu,Bo Peng; Daniel Goldstein; Quentin Anthony; Alon Albalak; Eric Alcaide; Stella Biderman; Eugene Cheah; Kranthi Kiran GV; Ronald McClelland Jr.; Fares Obeid; Atsushi Saito; Guangyu Song
"Oct 7, 2024",,Eliciting Latent Knowledge from Quirky Language Models,Mallen and Belrose,"Model Internals, Behavioral Safety",,COLM,Workshop on Mathematical and Empirical Understanding of Foundation Models @ ICLR,,https://arxiv.org/abs/2312.01037,,Alex Mallen; Madeline Brumley; Julia Kharchenko; Nora Belrose,Alex Mallen; Nora Belrose
"Oct 15, 2024",,From Decoding to Meta-Generation: Inference-time Algorithms for Large Language Models,"Welleck, Bertsch, Finlayson, Schoelkopf, Xie, Neubig, Kulikov, and Harchaoui",Misc.,,TMLR,,Survey Certification,https://arxiv.org/abs/2406.16838,,Sean Welleck; Amanda Bertsch; Matthew Finlayson; Hailey Schoelkopf; Alex Xie; Graham Neubig; Ilia Kulikov; Zaid Harchaoui,Hailey Schoelkopf
"Oct 22, 2024",,Balancing Label Quantity and Quality for Scalable Elicitation,Mallen and Belrose,"Model Internals, Behavioral Safety",,,,,https://arxiv.org/abs/2410.13215,,Alex Mallen; Nora Belrose,Alex Mallen; Nora Belrose
"Oct 30, 2024",,Lina-Speech: Gated Linear Attention is a Fast and Parameter-Efficient Learner for text-to-speech synthesis,"Lemerle, Vanderbyl, Srivastav, Obin, and Roebel","Training Models, Multimodal",,,,,https://arxiv.org/abs/2410.23320,,Théodor Lemerle; Téo Guichoux; Axel Roebel; Nicolas Obin,Théodor Lemerle; Téo Guichoux; Axel Roebel; Nicolas Obin
"Nov 12, 2024",,Re-Evaluating Evaluation for Multilingual Summarization,"Forde, Zhang, Sutawika, Aji, Cahyawijaya, Winata, Wu, Eickhoff, Biderman, and Pavlick","Evaluation, Multilingual",,EMNLP,,,https://aclanthology.org/2024.emnlp-main.1085.pdf,,Jessica Zosa Forde; Ruochen Zhang; Lintang Sutawika; Alham Fikri Aji; Samuel Cahyawijaya; Genta Indra Winata; Minghao Wu; Carsten Eickhoff; Stella Biderman; Ellie Pavlick,Lintang Sutawika; Stella Biderman
"Nov 13, 2024",,Refusal in LLMs is an Affine Function,"Marshall, Scherlis, and Belrose","Model Internals, Behavioral Safety",,,,,https://arxiv.org/abs/2411.09003,,Thomas Marshall; Adam Scherlis; Nora Belrose,Thomas Marshall; Adam Scherlis; Nora Belrose
"Nov 15, 2024",,Linear Representations of Sentiment in Large Language Models,"Tigges, Hollinsworth, Geiger, and Nanda",Model Internals,,BlackBox NLP,,"Spotlight at Mechanistic Interpretability Workshop, ICML 2024",https://arxiv.org/abs/2310.15154,,Curt Tigges; Oskar John Hollinsworth; Atticus Geiger; Neel Nanda,Curt Tigges; Neel Nanda
"Nov 28, 2024",,Language Model Crossover: Variation through Few-Shot Prompting,"Meyerson, Nelson, Bradley, Gaier, Moradi, Hoover, and Lehman",Misc.,,ACM Transactions on Evolutionary Learning and Optimization,,,https://arxiv.org/abs/2302.12170,,Elliot Meyerson; Mark J. Nelson; Herbie Bradley; Adam Gaier; Arash Moradi; Amy K. Hoover; Joel Lehman,Herbie Bradley
"Dec 1, 2024",,Documenting Geographically and Contextually Diverse Data Sources: The BigScience Catalogue of Language Data and Resources,"McMillan-Major, Alyafeai, Biderman, Chen, De Toni, and 13 others","Data, Multilingual",,Northern European Journal of Language Technology,,,https://arxiv.org/abs/2201.10066,,Angelina McMillan-Major; Zaid Alyafeai; Stella Biderman; Kimbo Chen; Francesco De Toni; Gérard Dupont; Hady Elsahar; Chris Emezue; Alham Fikri Aji; Suzana Ilić; Nurulaqilla Khamis; Colin Leong; Maraim Masoud; Aitor Soroa; Pedro Ortiz Suarez; Zeerak Talat; Daniel van Strien; Yacine Jernite,Stella Biderman
"Dec 4, 2024",,"Surveying the Effects of Quality, Diversity, and Complexity in Synthetic Data From Large Language Models","Havrilla, Dai, O'Mahony, Oostermeijer, and Zisler, and 15 others","Training Models, Data",,,,,https://arxiv.org/abs/2412.02980,,Alex Havrilla; Andrew Dai; Laura O'Mahony; Koen Oostermeijer; Vera Zisler; Alon Albalak; Fabrizio Milo; Sharath Chandra Raparthy; Kanishk Gandhi; Baber Abbasi; Duy Phung; Maia Iyer; Dakota Mahan; Chase Blagden; Srishti Gureja; Mohammed Hamdy; Wen-Ding Li; Giovanni Paolini; Pawan Sasanka Ammanamanchi; Elliot Meyerson,Baber Abbasi
"Dec 7, 2024",,The Foundation Model Development Cheatsheet: A Review of Responsible AI Tools & Resources,"Longpre, Biderman, Albalak, Schoelkopf, McDuff, and 18 others","Evaluation, Behavioral Safety, AI Governance & Societal Impacts",,TMLR,,Survey Certification,https://arxiv.org/abs/2406.16746,,Shayne Longpre; Stella Biderman; Alon Albalak; Hailey Schoelkopf; Daniel McDuff; Sayash Kapoor; Kevin Klyman; Kyle Lo; Gabriel Ilharco; Nay San; Maribeth Rauh; Aviya Skowron; Bertie Vidgen; Laura Weidinger; Arvind Narayanan; Victor Sanh; David Adelani; Percy Liang; Rishi Bommasani; Peter Henderson; Sasha Luccioni; Yacine Jernite; Luca Soldaini,Stella Biderman; Hailey Schoelkopf; Aviya Skowron
"Dec 9, 2024",,Understanding Gradient Descent through the Training Jacobian,Belrose and Scherlis,"Learning Dynamics, Model Internals",,,,,https://arxiv.org/abs/2412.07003,,Nora Belrose; Adam Scherlis,Nora Belrose; Adam Scherlis
"Dec 10, 2024",TRUE,LLM Circuit Analyses Are Consistent Across Training and Scale,"Tigges, Hanna, Yu, and Biderman","Learning Dynamics, Model Internals",,NeurIPS,,,https://arxiv.org/abs/2407.10827,,Curt Tigges; Michael Hanna; Qinan Yu; Stella Biderman,Curt Tigges; Stella Biderman
"Dec 10, 2024",TRUE,Consent in crisis: The rapid decline of the AI data commons,"Longpre, Mahari, Lee, Lund, Oderinwale, and 44 others","Data, AI Governance & Societal Impacts",,NeurIPS Datasets and Benchmarks,,,https://arxiv.org/abs/2407.14933,,Shayne Longpre; Robert Mahari; Ariel Lee; Campbell Lund; Hamidah Oderinwale; William Brannon; Nayan Saxena; Naana Obeng-Marnu; Tobin South; Cole Hunter; Kevin Klyman; Christopher Klamm; Hailey Schoelkopf; Nikhil Singh; Manuel Cherep; Ahmad Anis; An Dinh; Caroline Chitongo; Da Yin; Damien Sileo; Deividas Mataciunas; Diganta Misra; Emad Alghamdi; Enrico Shippole; Jianguo Zhang; Joanna Materzynska; Kun Qian; Kush Tiwary; Lester Miranda; Manan Dey; Minnie Liang; Mohammed Hamdy; Niklas Muennighoff; Seonghyeon Ye; Seungone Kim; Shrestha Mohanty; Vipul Gupta; Vivek Sharma; Vu Minh Chien; Xuhui Zhou; Yizhi Li; Caiming Xiong; Luis Villa; Stella Biderman; Hanlin Li; Daphne Ippolito; Sara Hooker; Jad Kabbara; Sandy Pentland,Hailey Schoelkopf; Stella Biderman
"Dec 10, 2024",TRUE,RedPajama: an Open Dataset for Training Large Language Models,"Weber, Fu, Anthony, Oren, and Adams, and 14 others","Data, Training Models",,NeurIPS Datasets and Benchmarks,,Spotlight at NeurIPS,https://arxiv.org/abs/2411.12372,,Maurice Weber; Daniel Fu; Quentin Anthony; Yonatan Oren; Shane Adams; Anton Alexandrov; Xiaozhong Lyu; Huu Nguyen; Xiaozhe Yao; Virginia Adams; Ben Athiwaratkun; Rahul Chalamala; Kezhen Chen; Max Ryabinin; Tri Dao; Percy Liang; Christopher Ré; Irina Rish; Ce Zhang,Quentin Anthony
"Dec 10, 2024",,A Walsh Hadamard Derived Linear Vector Symbolic Architecture,"Alam, Oberle, Raff, Biderman, Oates, and Holt","Training Models, Security",,NeurIPS,,,https://arxiv.org/abs/2410.22669,,Mohammad Mahmudul Alam; Alexander Oberle; Edward Raff; Stella Biderman; Tim Oates; James Holt,Stella Biderman
"Jan 14, 2025",,Towards Best Practices for Open Datasets for LLM Training,"Baack, Biderman, Odrozek, Skowron, Bdeir, and 34 others","Data, AI Governance & Societal Impacts",,,,,https://arxiv.org/abs/2501.08365,,Stefan Baack; Stella Biderman; Kasia Odrozek; Aviya Skowron; Ayah Bdeir; Jillian Bommarito; Jennifer Ding; Maximilian Gahntz; Paul Keller; Pierre-Carl Langlais; Greg Lindahl; Sebastian Majstorovic; Nik Marda; Guilherme Penedo; Maarten Van Segbroeck; Jennifer Wang; Leandro von Werra; Mitchell Baker; Julie Belião; Kasia Chmielinski; Marzieh Fadaee; Lisa Gutermuth; Hynek Kydlíček; Greg Leppert; EM Lewis-Jong; Solana Larsen; Shayne Longpre; Angela Oduor Lungati; Cullen Miller; Victor Miller; Max Ryabinin; Kathleen Siminyu; Andrew Strait; Mark Surman; Anna Tumadóttir; Maurice Weber; Rebecca Weiss; Lee White; Thomas Wolf,Stella Biderman; Aviya Skowron; Sebastian Majstorovic
"Jan 16, 2025",,Robin: a Suite of Multi-Scale Vision-Language Models and the CHIRP Evaluation Benchmark,"Roger, Humane, Kaplan, Gupta, Sun, Adamopoulos, Lim, Anthony, Fennell, and Rish","Training Models, Data, Evaluation, Multimodal",,,,,https://arxiv.org/abs/2501.09672,,Alexis Roger; Prateek Humane; Daniel Z. Kaplan; Kshitij Gupta; Qi Sun; George Adamopoulos; Jonathan Siu Chi Lim; Quentin Anthony; Edwin Fennell; Irina Rish,Quentin Anthony
"Jan 24, 2025",TRUE,Humanity's Last Exam,"Phan, Gatti, Han, Li and 1154 others",Evaluation,,,,,https://arxiv.org/abs/2501.14249,,Long Phan; Alice Gatti; Ziwen Han; Nathaniel Li; Josephina Hu; Hugh Zhang; Chen Bo Calvin Zhang; Mohamed Shaaban; John Ling; Sean Shi; Michael Choi; Anish Agrawal; Arnav Chopra; Adam Khoja; Ryan Kim; Richard Ren; Jason Hausenloy; Oliver Zhang; Mantas Mazeika; Dmitry Dodonov; Tung Nguyen; Jaeho Lee; Daron Anderson; Mikhail Doroshenko; Alun Cennyth Stokes; Mobeen Mahmood; Oleksandr Pokutnyi; Oleg Iskra; Jessica P. Wang; John-Clark Levin; Mstyslav Kazakov; Fiona Feng; Steven Y. Feng; Haoran Zhao; Michael Yu; Varun Gangal; Chelsea Zou; Zihan Wang; Serguei Popov; Robert Gerbicz; Geoff Galgon; Johannes Schmitt; Will Yeadon; Yongki Lee; Scott Sauers; Alvaro Sanchez; Fabian Giska; Marc Roth; Søren Riis; Saiteja Utpala; Noah Burns; Gashaw M. Goshu; Mohinder Maheshbhai Naiya; Chidozie Agu; Zachary Giboney; Antrell Cheatom; Francesco Fournier-Facio; Sarah-Jane Crowson; Lennart Finke; Zerui Cheng; Jennifer Zampese; Ryan G. Hoerr; Mark Nandor; Hyunwoo Park; Tim Gehrunger; Jiaqi Cai; Ben McCarty; Alexis C Garretson; Edwin Taylor; Damien Sileo; Qiuyu Ren; Usman Qazi; Lianghui Li; Jungbae Nam; John B. Wydallis; Pavel Arkhipov; Jack Wei Lun Shi; Aras Bacho; Chris G. Willcocks; Hangrui Cao; Sumeet Motwani; Emily de Oliveira Santos; Johannes Veith; Edward Vendrow; Doru Cojoc; Kengo Zenitani; Joshua Robinson; Longke Tang; Yuqi Li; Joshua Vendrow; Natanael Wildner Fraga; Vladyslav Kuchkin; Andrey Pupasov Maksimov; Pierre Marion; Denis Efremov; Jayson Lynch; Kaiqu Liang; Aleksandar Mikov; Andrew Gritsevskiy; Julien Guillod; Gözdenur Demir; Dakotah Martinez; Ben Pageler; Kevin Zhou; Saeed Soori; Ori Press; Henry Tang; Paolo Rissone; Sean R. Green; Lina Brüssel; Moon Twayana; Aymeric Dieuleveut; Joseph Marvin Imperial; Ameya Prabhu; Jinzhou Yang; Nick Crispino; Arun Rao; Dimitri Zvonkine; Gabriel Loiseau; Mikhail Kalinin; Marco Lukas; Ciprian Manolescu; Nate Stambaugh; Subrata Mishra; Tad Hogg; Carlo Bosio; Brian P Coppola; Julian Salazar; Jaehyeok Jin; Rafael Sayous; Stefan Ivanov; Philippe Schwaller; Shaipranesh Senthilkuma; Andres M Bran; Andres Algaba; Kelsey Van den Houte; Lynn Van Der Sypt; Brecht Verbeken; David Noever; Alexei Kopylov; Benjamin Myklebust; Bikun Li; Lisa Schut; Evgenii Zheltonozhskii; Qiaochu Yuan; Derek Lim; Richard Stanley; Tong Yang; John Maar; Julian Wykowski; Martí Oller; Anmol Sahu; Cesare Giulio Ardito; Yuzheng Hu; Ariel Ghislain Kemogne Kamdoum; Alvin Jin; Tobias Garcia Vilchis; Yuexuan Zu; Martin Lackner; James Koppel; Gongbo Sun; Daniil S. Antonenko; Steffi Chern; Bingchen Zhao; Pierrot Arsene; Joseph M Cavanagh; Daofeng Li; Jiawei Shen; Donato Crisostomi; Wenjin Zhang; Ali Dehghan; Sergey Ivanov; David Perrella; Nurdin Kaparov; Allen Zang; Ilia Sucholutsky; Arina Kharlamova; Daniil Orel; Vladislav Poritski; Shalev Ben-David; Zachary Berger; Parker Whitfill; Michael Foster; Daniel Munro; Linh Ho; Shankar Sivarajan; Dan Bar Hava; Aleksey Kuchkin; David Holmes; Alexandra Rodriguez-Romero; Frank Sommerhage; Anji Zhang; Richard Moat; Keith Schneider; Zakayo Kazibwe; Don Clarke; Dae Hyun Kim; Felipe Meneguitti Dias; Sara Fish; Veit Elser; Tobias Kreiman; Victor Efren Guadarrama Vilchis; Immo Klose; Ujjwala Anantheswaran; Adam Zweiger; Kaivalya Rawal; Jeffery Li; Jeremy Nguyen; Nicolas Daans; Haline Heidinger; Maksim Radionov; Václav Rozhoň; Vincent Ginis; Christian Stump; Niv Cohen; Rafał Poświata; Josef Tkadlec; Alan Goldfarb; Chenguang Wang; Piotr Padlewski; Stanislaw Barzowski; Kyle Montgomery; Ryan Stendall; Jamie Tucker-Foltz; Jack Stade; T. Ryan Rogers; Tom Goertzen; Declan Grabb; Abhishek Shukla; Alan Givré; John Arnold Ambay; Archan Sen; Muhammad Fayez Aziz; Mark H Inlow; Hao He; Ling Zhang; Younesse Kaddar; Ivar Ängquist; Yanxu Chen; Harrison K Wang; Kalyan Ramakrishnan; Elliott Thornley; Antonio Terpin; Hailey Schoelkopf; Eric Zheng; Avishy Carmi; Ethan D. L. Brown; Kelin Zhu; Max Bartolo; Richard Wheeler; Martin Stehberger; Peter Bradshaw; JP Heimonen; Kaustubh Sridhar; Ido Akov; Jennifer Sandlin; Yury Makarychev; Joanna Tam; Hieu Hoang; David M. Cunningham; Vladimir Goryachev; Demosthenes Patramanis; Michael Krause; Andrew Redenti; David Aldous; Jesyin Lai; Shannon Coleman; Jiangnan Xu; Sangwon Lee; Ilias Magoulas; Sandy Zhao; Ning Tang; Michael K. Cohen; Orr Paradise; Jan Hendrik Kirchner; Maksym Ovchynnikov; Jason O. Matos; Adithya Shenoy; Michael Wang; Yuzhou Nie; Anna Sztyber-Betley; Paolo Faraboschi; Robin Riblet; Jonathan Crozier; Shiv Halasyamani; Shreyas Verma; Prashant Joshi; Eli Meril; Ziqiao Ma; Jérémy Andréoletti; Raghav Singhal; Jacob Platnick; Volodymyr Nevirkovets; Luke Basler; Alexander Ivanov; Seri Khoury; Nils Gustafsson; Marco Piccardo; Hamid Mostaghimi; Qijia Chen; Virendra Singh; Tran Quoc Khánh; Paul Rosu; Hannah Szlyk; Zachary Brown; Himanshu Narayan; Aline Menezes; Jonathan Roberts; William Alley; Kunyang Sun; Arkil Patel; Max Lamparth; Anka Reuel; Linwei Xin; Hanmeng Xu; Jacob Loader; Freddie Martin; Zixuan Wang; Andrea Achilleos; Thomas Preu; Tomek Korbak; Ida Bosio; Fereshteh Kazemi; Ziye Chen; Biró Bálint; Eve J. Y. Lo; Jiaqi Wang; Maria Inês S. Nunes; Jeremiah Milbauer; M Saiful Bari; Zihao Wang; Behzad Ansarinejad; Yewen Sun; Stephane Durand; Hossam Elgnainy; Guillaume Douville; Daniel Tordera; George Balabanian; Hew Wolff; Lynna Kvistad; Hsiaoyun Milliron; Ahmad Sakor; Murat Eron; Andrew Favre D. O.; Shailesh Shah; Xiaoxiang Zhou; Firuz Kamalov; Sherwin Abdoli; Tim Santens; Shaul Barkan; Allison Tee; Robin Zhang; Alessandro Tomasiello; G. Bruno De Luca; Shi-Zhuo Looi; Vinh-Kha Le; Noam Kolt; Jiayi Pan; Emma Rodman; Jacob Drori; Carl J Fossum; Niklas Muennighoff; Milind Jagota; Ronak Pradeep; Honglu Fan; Jonathan Eicher; Michael Chen; Kushal Thaman; William Merrill; Moritz Firsching; Carter Harris; Stefan Ciobâcă; Jason Gross; Rohan Pandey; Ilya Gusev; Adam Jones; Shashank Agnihotri; Pavel Zhelnov; Mohammadreza Mofayezi; Alexander Piperski; David K. Zhang; Kostiantyn Dobarskyi; Roman Leventov; Ignat Soroko; Joshua Duersch; Vage Taamazyan; Andrew Ho; Wenjie Ma; William Held; Ruicheng Xian; Armel Randy Zebaze; Mohanad Mohamed; Julian Noah Leser; Michelle X Yuan; Laila Yacar; Johannes Lengler; Katarzyna Olszewska; Claudio Di Fratta; Edson Oliveira; Joseph W. Jackson; Andy Zou; Muthu Chidambaram; Timothy Manik; Hector Haffenden; Dashiell Stander; Ali Dasouqi; Alexander Shen; Bita Golshani; David Stap; Egor Kretov; Mikalai Uzhou; Alina Borisovna Zhidkovskaya; Nick Winter; Miguel Orbegozo Rodriguez; Robert Lauff; Dustin Wehr; Colin Tang; Zaki Hossain; Shaun Phillips; Fortuna Samuele; Fredrik Ekström; Angela Hammon; Oam Patel; Faraz Farhidi; George Medley; Forough Mohammadzadeh; Madellene Peñaflor; Haile Kassahun; Alena Friedrich; Rayner Hernandez Perez; Daniel Pyda; Taom Sakal; Omkar Dhamane; Ali Khajegili Mirabadi; Eric Hallman; Kenchi Okutsu; Mike Battaglia; Mohammad Maghsoudimehrabani; Alon Amit; Dave Hulbert; Roberto Pereira; Simon Weber; Handoko; Anton Peristyy; Stephen Malina; Mustafa Mehkary; Rami Aly; Frank Reidegeld; Anna-Katharina Dick; Cary Friday; Mukhwinder Singh; Hassan Shapourian; Wanyoung Kim; Mariana Costa; Hubeyb Gurdogan; Harsh Kumar; Chiara Ceconello; Chao Zhuang; Haon Park; Micah Carroll; Andrew R. Tawfeek; Stefan Steinerberger; Daattavya Aggarwal; Michael Kirchhof; Linjie Dai; Evan Kim; Johan Ferret; Jainam Shah; Yuzhou Wang; Minghao Yan; Krzysztof Burdzy; Lixin Zhang; Antonio Franca; Diana T. Pham; Kang Yong Loh; Joshua Robinson; Abram Jackson; Paolo Giordano; Philipp Petersen; Adrian Cosma; Jesus Colino; Colin White; Jacob Votava; Vladimir Vinnikov; Ethan Delaney; Petr Spelda; Vit Stritecky; Syed M. Shahid; Jean-Christophe Mourrat; Lavr Vetoshkin; Koen Sponselee; Renas Bacho; Zheng-Xin Yong; Florencia de la Rosa; Nathan Cho; Xiuyu Li; Guillaume Malod; Orion Weller; Guglielmo Albani; Leon Lang; Julien Laurendeau; Dmitry Kazakov; Fatimah Adesanya; Julien Portier; Lawrence Hollom; Victor Souza; Yuchen Anna Zhou; Julien Degorre; Yiğit Yalın; Gbenga Daniel Obikoya; Rai; Filippo Bigi; M. C. Boscá; Oleg Shumar; Kaniuar Bacho; Gabriel Recchia; Mara Popescu; Nikita Shulga; Ngefor Mildred Tanwie; Thomas C. H. Lux; Ben Rank; Colin Ni; Matthew Brooks; Alesia Yakimchyk; Huanxu; Liu; Stefano Cavalleri; Olle Häggström; Emil Verkama; Joshua Newbould; Hans Gundlach; Leonor Brito-Santana; Brian Amaro; Vivek Vajipey; Rynaa Grover; Ting Wang; Yosi Kratish; Wen-Ding Li; Sivakanth Gopi; Andrea Caciolai; Christian Schroeder de Witt; Pablo Hernández-Cámara; Emanuele Rodolà; Jules Robins; Dominic Williamson; Vincent Cheng; Brad Raynor; Hao Qi; Ben Segev; Jingxuan Fan; Sarah Martinson; Erik Y. Wang; Kaylie Hausknecht; Michael P. Brenner; Mao Mao; Christoph Demian; Peyman Kassani; Xinyu Zhang; David Avagian; Eshawn Jessica Scipio; Alon Ragoler; Justin Tan; Blake Sims; Rebeka Plecnik; Aaron Kirtland; Omer Faruk Bodur; D. P. Shinde; Yan Carlos Leyva Labrador; Zahra Adoul; Mohamed Zekry; Ali Karakoc; Tania C. B. Santos; Samir Shamseldeen; Loukmane Karim; Anna Liakhovitskaia; Nate Resman; Nicholas Farina; Juan Carlos Gonzalez; Gabe Maayan; Earth Anderson; Rodrigo De Oliveira Pena; Elizabeth Kelley; Hodjat Mariji; Rasoul Pouriamanesh; Wentao Wu; Ross Finocchio; Ismail Alarab; Joshua Cole; Danyelle Ferreira; Bryan Johnson; Mohammad Safdari; Liangti Dai; Siriphan Arthornthurasuk; Isaac C. McAlister; Alejandro José Moyano; Alexey Pronin; Jing Fan; Angel Ramirez-Trinidad; Yana Malysheva; Daphiny Pottmaier; Omid Taheri; Stanley Stepanic; Samuel Perry; Luke Askew; Raúl Adrián Huerta Rodríguez; Ali M. R. Minissi; Ricardo Lorena; Krishnamurthy Iyer; Arshad Anil Fasiludeen; Ronald Clark; Josh Ducey; Matheus Piza; Maja Somrak; Eric Vergo; Juehang Qin; Benjámin Borbás; Eric Chu; Jack Lindsey; Antoine Jallon; I. M. J. McInnis; Evan Chen; Avi Semler; Luk Gloor; Tej Shah; Marc Carauleanu; Pascal Lauer; Tran Đuc Huy; Hossein Shahrtash; Emilien Duc; Lukas Lewark; Assaf Brown; Samuel Albanie; Brian Weber; Warren S. Vaz; Pierre Clavier; Yiyang Fan; Gabriel Poesia Reis e Silva; Long; Lian; Marcus Abramovitch; Xi Jiang; Sandra Mendoza; Murat Islam; Juan Gonzalez; Vasilios Mavroudis; Justin Xu; Pawan Kumar; Laxman Prasad Goswami; Daniel Bugas; Nasser Heydari; Ferenc Jeanplong; Thorben Jansen; Antonella Pinto; Archimedes Apronti; Abdallah Galal; Ng Ze-An; Ankit Singh; Tong Jiang; Joan of Arc Xavier; Kanu Priya Agarwal; Mohammed Berkani; Gang Zhang; Zhehang Du; Benedito Alves de Oliveira Junior; Dmitry Malishev; Nicolas Remy; Taylor D. Hartman; Tim Tarver; Stephen Mensah; Gautier Abou Loume; Wiktor Morak; Farzad Habibi; Sarah Hoback; Will Cai; Javier Gimenez; Roselynn Grace Montecillo; Jakub Łucki; Russell Campbell; Asankhaya Sharma; Khalida Meer; Shreen Gul; Daniel Espinosa Gonzalez; Xavier Alapont; Alex Hoover; Gunjan Chhablani; Freddie Vargus; Arunim Agarwal; Yibo Jiang; Deepakkumar Patil; David Outevsky; Kevin Joseph Scaria; Rajat Maheshwari; Abdelkader Dendane; Priti Shukla; Ashley Cartwright; Sergei Bogdanov; Niels Mündler; Sören Möller; Luca Arnaboldi; Kunvar Thaman; Muhammad Rehan Siddiqi; Prajvi Saxena; Himanshu Gupta; Tony Fruhauff; Glen Sherman; Mátyás Vincze; Siranut Usawasutsakorn; Dylan Ler; Anil Radhakrishnan; Innocent Enyekwe; Sk Md Salauddin; Jiang Muzhen; Aleksandr Maksapetyan; Vivien Rossbach; Chris Harjadi; Mohsen Bahaloohoreh; Claire Sparrow; Jasdeep Sidhu; Sam Ali; Song Bian; John Lai; Eric Singer; Justine Leon Uro; Greg Bateman; Mohamed Sayed; Ahmed Menshawy; Darling Duclosel; Dario Bezzi; Yashaswini Jain; Ashley Aaron; Murat Tiryakioglu; Sheeshram Siddh; Keith Krenek; Imad Ali Shah; Jun Jin; Scott Creighton; Denis Peskoff; Zienab EL-Wasif; Ragavendran P V; Michael Richmond; Joseph McGowan; Tejal Patwardhan; Hao-Yu Sun; Ting Sun; Nikola Zubić; Samuele Sala; Stephen Ebert; Jean Kaddour; Manuel Schottdorf; Dianzhuo Wang; Gerol Petruzella; Alex Meiburg; Tilen Medved; Ali ElSheikh; S Ashwin Hebbar; Lorenzo Vaquero; Xianjun Yang; Jason Poulos; Vilém Zouhar; Sergey Bogdanik; Mingfang Zhang; Jorge Sanz-Ros; David Anugraha; Yinwei Dai; Anh N. Nhu; Xue Wang; Ali Anil Demircali; Zhibai Jia; Yuyin Zhou; Juncheng Wu; Mike He; Nitin Chandok; Aarush Sinha; Gaoxiang Luo; Long Le; Mickaël Noyé; Michał Perełkiewicz; Ioannis Pantidis; Tianbo Qi; Soham Sachin Purohit; Letitia Parcalabescu; Thai-Hoa Nguyen; Genta Indra Winata; Edoardo M. Ponti; Hanchen Li; Kaustubh Dhole; Jongee Park; Dario Abbondanza; Yuanli Wang; Anupam Nayak; Diogo M. Caetano; Antonio A. W. L. Wong; Maria del Rio-Chanona; Dániel Kondor; Pieter Francois; Ed Chalstrey; Jakob Zsambok; Dan Hoyer; Jenny Reddish; Jakob Hauser; Francisco-Javier Rodrigo-Ginés; Suchandra Datta; Maxwell Shepherd; Thom Kamphuis; Qizheng Zhang; Hyunjun Kim; Ruiji Sun; Jianzhu Yao; Franck Dernoncourt; Satyapriya Krishna; Sina Rismanchian; Bonan Pu; Francesco Pinto; Yingheng Wang; Kumar Shridhar; Kalon J. Overholt; Glib Briia; Hieu Nguyen; David; Soler Bartomeu; Tony CY Pang; Adam Wecker; Yifan Xiong; Fanfei Li; Lukas S. Huber; Joshua Jaeger; Romano De Maddalena; Xing Han Lù; Yuhui Zhang; Claas Beger; Patrick Tser Jern Kon; Sean Li; Vivek Sanker; Ming Yin; Yihao Liang; Xinlu Zhang; Ankit Agrawal; Li S. Yifei; Zechen Zhang; Mu Cai; Yasin Sonmez; Costin Cozianu; Changhao Li; Alex Slen; Shoubin Yu; Hyun Kyu Park; Gabriele Sarti; Marcin Briański; Alessandro Stolfo; Truong An Nguyen; Mike Zhang; Yotam Perlitz; Jose Hernandez-Orallo; Runjia Li; Amin Shabani; Felix Juefei-Xu; Shikhar Dhingra; Orr Zohar; My Chiffon Nguyen; Alexander Pondaven; Abdurrahim Yilmaz; Xuandong Zhao; Chuanyang Jin; Muyan Jiang; Stefan Todoran; Xinyao Han; Jules Kreuer; Brian Rabern; Anna Plassart; Martino Maggetti; Luther Yap; Robert Geirhos; Jonathon Kean; Dingsu Wang; Sina Mollaei; Chenkai Sun; Yifan Yin; Shiqi Wang; Rui Li; Yaowen Chang; Anjiang Wei; Alice Bizeul; Xiaohan Wang; Alexandre Oliveira Arrais; Kushin Mukherjee; Jorge Chamorro-Padial; Jiachen Liu; Xingyu Qu; Junyi Guan; Adam Bouyamourn; Shuyu Wu; Martyna Plomecka; Junda Chen; Mengze Tang; Jiaqi Deng; Shreyas Subramanian; Haocheng Xi; Haoxuan Chen; Weizhi Zhang; Yinuo Ren; Haoqin Tu; Sejong Kim; Yushun Chen; Sara Vera Marjanović; Junwoo Ha; Grzegorz Luczyna; Jeff J. Ma; Zewen Shen; Dawn Song; Cedegao E. Zhang; Zhun Wang; Gaël Gendron; Yunze Xiao; Leo Smucker; Erica Weng; Kwok Hao Lee; Zhe Ye; Stefano Ermon; Ignacio D. Lopez-Miguel; Theo Knights; Anthony Gitter; Namkyu Park; Boyi Wei; Hongzheng Chen; Kunal Pai; Ahmed Elkhanany; Han Lin; Philipp D. Siedler; Jichao Fang; Ritwik Mishra; Károly Zsolnai-Fehér; Xilin Jiang; Shadab Khan; Jun Yuan; Rishab Kumar Jain; Xi Lin; Mike Peterson; Zhe Wang; Aditya Malusare; Maosen Tang; Isha Gupta; Ivan Fosin; Timothy Kang; Barbara Dworakowska; Kazuki Matsumoto; Guangyao Zheng; Gerben Sewuster; Jorge Pretel Villanueva; Ivan Rannev; Igor Chernyavsky; Jiale Chen; Deepayan Banik; Ben Racz; Wenchao Dong; Jianxin Wang; Laila Bashmal; Duarte V. Gonçalves; Wei Hu; Kaushik Bar; Ondrej Bohdal; Atharv Singh Patlan; Shehzaad Dhuliawala; Caroline Geirhos; Julien Wist; Yuval Kansal; Bingsen Chen; Kutay Tire; Atak Talay Yücel; Brandon Christof; Veerupaksh Singla; Zijian Song; Sanxing Chen; Jiaxin Ge; Kaustubh Ponkshe; Isaac Park; Tianneng Shi; Martin Q. Ma; Joshua Mak; Sherwin Lai; Antoine Moulin; Zhuo Cheng; Zhanda Zhu; Ziyi Zhang; Vaidehi Patil; Ketan Jha; Qiutong Men; Jiaxuan Wu; Tianchi Zhang; Bruno Hebling Vieira; Alham Fikri Aji; Jae-Won Chung; Mohammed Mahfoud; Ha Thi Hoang; Marc Sperzel; Wei Hao; Kristof Meding; Sihan Xu; Vassilis Kostakos; Davide Manini; Yueying Liu; Christopher Toukmaji; Jay Paek; Eunmi Yu; Arif Engin Demircali; Zhiyi Sun; Ivan Dewerpe; Hongsen Qin; Roman Pflugfelder; James Bailey; Johnathan Morris; Ville Heilala; Sybille Rosset; Zishun Yu; Peter E. Chen; Woongyeong Yeo; Eeshaan Jain; Ryan Yang; Sreekar Chigurupati; Julia Chernyavsky; Sai Prajwal Reddy; Subhashini Venugopalan; Hunar Batra; Core Francisco Park; Hieu Tran; Guilherme Maximiano; Genghan Zhang; Yizhuo Liang; Hu Shiyu; Rongwu Xu; Rui Pan; Siddharth Suresh; Ziqi Liu; Samaksh Gulati; Songyang Zhang; Peter Turchin; Christopher W. Bartlett; Christopher R. Scotese; Phuong M. Cao; Ben Wu; Jacek Karwowski; Davide Scaramuzza; Aakaash Nattanmai; Gordon McKellips; Anish Cheraku; Asim Suhail; Ethan Luo; Marvin Deng; Jason Luo; Ashley Zhang; Kavin Jindel; Jay Paek; Kasper Halevy; Allen Baranov; Michael Liu; Advaith Avadhanam; David Zhang; Vincent Cheng; Brad Ma; Evan Fu; Liam Do; Joshua Lass; Hubert Yang; Surya Sunkari; Vishruth Bharath; Violet Ai; James Leung; Rishit Agrawal; Alan Zhou; Kevin Chen; Tejas Kalpathi; Ziqi Xu; Gavin Wang; Tyler Xiao; Erik Maung; Sam Lee; Ryan Yang; Roy Yue; Ben Zhao; Julia Yoon; Sunny Sun; Aryan Singh; Ethan Luo; Clark Peng; Tyler Osbey; Taozhi Wang; Daryl Echeazu; Hubert Yang; Timothy Wu; Spandan Patel; Vidhi Kulkarni; Vijaykaarti Sundarapandiyan; Ashley Zhang; Andrew Le; Zafir Nasim; Srikar Yalam; Ritesh Kasamsetty; Soham Samal; Hubert Yang; David Sun; Nihar Shah; Abhijeet Saha; Alex Zhang; Leon Nguyen; Laasya Nagumalli; Kaixin Wang; Alan Zhou; Aidan Wu; Jason Luo; Anwith Telluri; Steven Dillmann; Zhengxiang Wang; Junyu Luo; Hugo Lunn; Artem Gazizov; Haitz Sáez de Ocáriz Borde; Ivan Trus; Morgan Hervault; Zheyu Zhang; Bo Chen; Yuchen Wu; Christopher J. Cordier; Gün Kaynar; Cansin Ayvaz; Polina Avdiunina; Johannes Brust; Xingjian Diao; K. D. Meaney; Yifan Gu; Chenyu Wang; Chenzhuo Dong; William Wright; Simon Brave; Owen Root; Jiayuan Liu; Chow Chun Lok; Tianqin Li; Shiyi Du; Dailan He; Lufeiya Liu; Sina Jamalzadegan; Anil Ramakrishna; Xuanqing Xu; Xin Qing; Xin Luo; Wenkai Li; Shi Bo; Filipp Gusev; Maximos Skandalis; Desheng Ma; Chunhui Zhang; Haoran Qiu; Allen G Hart; Rickard Brüel Gabrielsson; Ido Akov; Artem Lukoianov; Summer Yue; Alexandr Wang; Dan Hendrycks,Dashiell Stander
"Jan 30, 2025",,Matrix-Driven Identification and Reconstruction of LLM Weight Homology,Zhang and Goldstein,"Model Internals, Security, Open-Weight Safety",,NeurIPS,,,https://arxiv.org/abs/2508.06309,,Ruichong Zhang; Daniel Goldstein,Daniel Goldstein
"Jan 31, 2025",,Can We Partially Rewrite Transformers in Natural Language?,Paulo and Belrose,Model Internals,,,,,https://arxiv.org/abs/2501.18838,,Gonçalo Paulo; Nora Belrose,Gonçalo Paulo; Nora Belrose
"Feb 3, 2025",,Converting MLPs into Polynomials in Closed Form,Belrose and Rigg,"Learning Dynamics, Model Internals",,,,,https://arxiv.org/abs/2502.01032,,Nora Belrose; Alice Rigg,Nora Belrose; Alice Rigg
"Feb 5, 2025",,Slowing Learning by Erasing Simple Features,Quirke and Belrose,Learning Dynamics,,,,,https://arxiv.org/abs/2502.02820,,Lucia Quirke; Nora Belrose,Lucia Quirke; Nora Belrose
"Feb 12, 2025",,Transcoders Beat Sparse Autoencoders for Interpretability,"Paulo, Shabalin, and Belrose",Model Internals,,,,,https://arxiv.org/abs/2501.18823,,Gonçalo Paulo; Stepan Shabalin; Nora Belrose,Gonçalo Paulo; Stepan Shabalin; Nora Belrose
"Feb 23, 2025",TRUE,Beyond Release: Access Considerations for Generative AI Systems,"Solaiman, Bommasani, Hendrycks, Herbert-Voss, Jernite, Skowron, and Trask","Open-Weight Safety, AI Governance & Societal Impacts",,,,,https://arxiv.org/abs/2502.16701,,Irene Solaiman; Rishi Bommasani; Dan Hendrycks; Ariel Herbert-Voss; Yacine Jernite; Aviya Skowron; Andrew Trask,Aviya Skowron
"Feb 25, 2025",,Does Transformer Interpretability Transfer to RNNs?,"Paulo, Marshall and Belrose",Model Internals,,AAAI,,,https://arxiv.org/abs/2404.05971,,Gonçalo Paulo; Thomas Marshall; Nora Belrose,Gonçalo Paulo; Thomas Marshall; Nora Belrose
"Mar 21, 2025",,Examining Two Hop Reasoning Through Information Content Scaling,Johnston and Belrose,Learning Dynamics,,,,,https://arxiv.org/abs/2502.03490,,David Johnston; Nora Belrose,David Johnston; Nora Belrose
"Apr 8, 2025",,Estimating the Probability of Sampling a Trained Neural Network at Random,Scherlis and Belrose,"Learning Dynamics, Model Internals",,,,,https://arxiv.org/abs/2501.18812,,Adam Scherlis; Nora Belrose,Adam Scherlis; Nora Belrose
"Apr 9, 2025",,"Mechanistic Anomaly Detection for ""Quirky"" Language Models","Johnston, Chakraborty, and Belrose","Model Internals, Behavioral Safety",,,,,https://arxiv.org/abs/2504.08812,,David O. Johnston; Arkajyoti Chakraborty; Nora Belrose,David O. Johnston; Nora Belrose
"Apr 24, 2025",,Aria-MIDI: A Dataset of MIDI Files for Symbolic Music Modeling,"Bradshaw, and Colton","Data, Multimodal",,ICLR,,,https://arxiv.org/abs/2504.15071,,Louis Bradshaw; Simon Colton,Louis Bradshaw
"Apr 24, 2025",,"Bridging the Data Provenance Gap Across Text, Speech, and Video","Longpre, Singh, Cherep, Tiwary, Materzynska, and 38 others","Data, Multimodal, AI Governance & Societal Impacts",,ICLR,,,https://arxiv.org/abs/2412.17847,,Shayne Longpre; Nikhil Kumar Singh; Manuel Cherep; Kushagra Tiwary; Joanna Materzyńska; William Brannon; Robert Mahari; Naana Obeng-Marnu; Manan Dey; Mohammed Hamdy; Nayan Saxena; Ahmad Mustafa Anis; Emad A. Alghamdi; Vu Minh Chien; Da Yin; Kun Qian; Yi‐Zhi Li; Minnie Liang; An Q Dinh; Shrestha Mohanty; Deividas Mataciunas; Tobin South; Jianguo Zhang; Ariel Lee; Campbell S. Lund; Christopher Klamm; Damien Sileo; Diganta Misra; Enrico Shippole; Kevin Klyman; Lívia Maria Bettini de Miranda; Niklas Muennighoff; Seonghyeon Ye; Seungone Kim; Vipul Gupta; Vivek Sharma; Xuhui Zhou; Caiming Xiong; L. F. Villa; Stella Biderman; Alex Pentland; Sara Hooker; Jad Kabbara,Stella Biderman
"Apr 24, 2025",TRUE,Composable Interventions for Language Models,"Kolbeinsson, O'Brien, Huang, Gao, Liu, and 6 others","Open-Weight Safety, Behavioral Safety",,ICLR,,,https://arxiv.org/abs/2407.06483,,Arinbjorn Kolbeinsson; Kyle O'Brien; Tianjin Huang; Shanghua Gao; Shiwei Liu; Jonathan Richard Schwarz; Anurag Vaidya; Faisal Mahmood; Marinka Zitnik; Tianlong Chen; Thomas Hartvigsen,Kyle O'Brien
"Apr 24, 2025",TRUE,PolyPythias: Stability and Outliers across Fifty Language Model Pre-Training Runs,"van der Wal, Lesci, Müller-Eberstein, Saphra, Schoelkopf, Zuidema, and Biderman","Training Models, Learning Dynamics",,ICLR,,,https://arxiv.org/abs/2503.09543,,Oskar van der Wal; Pietro Lesci; Max Muller-Eberstein; Naomi Saphra; Hailey Schoelkopf; Willem Zuidema; Stella Biderman,Oskar van der Wal; Hailey Schoelkopf; Stella Biderman
"Apr 24, 2025",,"Recite, Reconstruct, Recollect: Memorization in LMs as a Multifaceted Phenomenon","Sai Prashanth, Deng, O'Brien, Jyothir S V, Khan, and 7 others","Data, Learning Dynamics",,ICLR,,,https://arxiv.org/abs/2406.17746,,USVSN Sai Prashanth; Alvin Deng; Kyle O'Brien; Jyothir S V; Mohammad Aflah Khan; Jaydeep Borkar; Christopher A. Choquette-Choo; Jacob Ray Fuehne; Stella Biderman; Tracy Ke; Katherine Lee; Naomi Saphra,USVSN Sai Prashanth; Alvin Deng; Kyle O'Brien; Jyothir S V; Mohammad Aflah Khan; Stella Biderman
"Apr 29, 2025",,KMMLU: Measuring Massive Multitask Language Understanding in Korean,"Son, Lee, Kim, Kim, Muennighoff, Choi, Park, Yoo, and Biderman","Evaluation, Multilingual",,NAACL,,,https://arxiv.org/abs/2402.11548,,Guijin Son; Hanwool Lee; Sungdong Kim; Seungone Kim; Niklas Muennighoff; Taekyoon Choi; Cheonbok Park; Kang Min Yoo; Stella Biderman,Guijin Son; Hanwool Lee; Stella Biderman
"Apr 29, 2025",TRUE,The BiGGen Bench: A Principled Benchmark for Fine-grained Evaluation of Language Models with Language Models,"Kim, Suk, Cho, Longpre, Kim, and 27 others",Evaluation,,NAACL,,Best Paper at NAACL,https://arxiv.org/abs/2406.05761,,Seungone Kim; Juyoung Suk; Ji Yong Cho; Shayne Longpre; Chaeeun Kim; Dongkeun Yoon; Guijin Son; Yejin Cho; Sheikh Shafayat; Jinheon Baek; Sue Hyun Park; Hyeonbin Hwang; Jinkyung Jo; Hyowon Cho; Haebin Shin; Seongyun Lee; Hanseok Oh; Noah Lee; Namgyu Ho; Se June Joo; Miyoung Ko; Yoonjoo Lee; Hyungjoo Chae; Jamin Shin; Joel Jang; Seonghyeon Ye; Bill Yuchen Lin; Sean Welleck; Graham Neubig; Moontae Lee; Kyungjae Lee; Minjoon Seo,Guijin Son
"May 17, 2025",,When AI Co-Scientists Fail: SPOT—a Benchmark for Automated Verification of Scientific Research,"Son, Hong, Fan, Nam, Ko, and 6 others","Evaluation, AI4Science",,,,,https://arxiv.org/abs/2505.11855,,Guijin Son; Jiwoo Hong; Honglu Fan; Heejeong Nam; Hyunwoo Ko; Seungwon Lim; Jinyeop Song; Jinha Choi; Gonçalo Paulo; Youngjae Yu; Stella Biderman,Guijin Son; Honglu Fan; Gonçalo Paulo; Stella Biderman
"Jun 27, 2025",,A Different Approach to AI Safety: Proceedings from the Columbia Convening on Openness in Artificial Intelligence and AI Safety,"François, Péran, Bdeir, Dziri, and Hawkins, and 15 others","Open-Weight Safety, Behavioral Safety, AI Governance & Societal Impacts",,,Columbia Convening on AI Openness and Safety,,https://arxiv.org/abs/2506.22183,,Camille François; Ludovic Péran; Ayah Bdeir; Nouha Dziri; Will Hawkins; Yacine Jernite; Sayash Kapoor; Juliet Shen; Heidy Khlaaf; Kevin Klyman; Nik Marda; Marie Pellat; Deb Raji; Divya Siddarth; Aviya Skowron; Joseph Spisak; Madhulika Srikumar; Victor Storchan; Audrey Tang; Jen Weedon,Aviya Skowron
"Jul 13, 2025",,Automatically Interpreting Millions of Features in Large Language Models,"Paulo, Mallen, Juang, and Belrose","Evaluation, Model Internals",,ICML,,,https://arxiv.org/abs/2410.13928,,Gonçalo Paulo; Alex Mallen; Caden Juang; Nora Belrose,Gonçalo Paulo; Alex Mallen; Nora Belrose
"Jul 13, 2025",TRUE,Why Has Predicting Downstream Capabilities of Frontier AI Models with Scale Remained Elusive?,"Schaeffer, Schoelkopf, Miranda, Mukobi, Madan, Ibrahim, Bradley, Biderman, and Koyejo","Evaluation, Learning Dynamics",,ICML,Neural Scaling Laws Workshop; DMLR Workshop; TiFA Workshop; NextGenAISafety Workshop @ ICML,"Oral at TiFA Workshop, ICML",https://arxiv.org/abs/2406.04391,,Rylan Schaeffer; Hailey Schoelkopf; Brando Miranda; Gabriel Mukobi; Varun Madan; Adam Ibrahim; Herbie Bradley; Stella Biderman; Sanmi Koyejo,Hailey Schoelkopf; Stella Biderman
"Jul 18, 2025",,BPE Stays on SCRIPT: Structured Encoding for Robust Multilingual Pretokenization,Land and Arnett,"Training Models, Multilingual",,,Tokenization Workshop @ ICML,Best Paper,https://arxiv.org/abs/2505.24689,,Sander Land; Catherine Arnett,Catherine Arnett
"Jul 18, 2025",,Evaluating Morphological Alignment of Tokenizers in 70 Languages,"Arnett, Hudspeth, and O'Connor","Evaluation, Multilingual",,,Tokenization Workshop @ ICML,,https://arxiv.org/abs/2507.06378,,Catherine Arnett; Marisa Hudspeth; Brendan O'Connor,Catherine Arnett
"Jul 18, 2025",,Write Code that People Want to Use,"Biderman, Mickel, and Abbasi",Misc.,,,CodeML Workshop @ ICML,,https://openreview.net/forum?id=oH0XhgzJt0,,Stella Biderman; Jennifer Mickel; Baber Abbasi,Stella Biderman; Jennifer Mickel; Baber Abbasi; Saloni Modi; Lucia Quirke
"Jul 19, 2025",TRUE,Steering Language Model Refusal with Sparse Autoencoders,"O'Brien, Majercak, Fernandes, Edgar, Chen, Nori, Carignan, Horvitz, and Poursabzi-Sangdeh","Model Internals, Behavioral Safety",,,Actionable Interpretability Workshop @ ICML,,https://arxiv.org/abs/2411.11296,,Kyle O'Brien; David Majercak; Xavier Fernandes; Richard Edgar; Blake Bullwinkel; Jingya Chen; Harsha Nori; Dean Carignan; Eric Horvitz; Forough Poursabzi-Sangdeh,Kyle O'Brien
"Jul 27, 2025",,On the Acquisition of Shared Grammatical Representations in Bilingual Language Models,"Arnett, Chang, Michaelov, and Bergen","Learning Dynamics, Model Internals, Multilingual",,ACL,,,https://arxiv.org/abs/2503.03962,,Catherine Arnett; Tyler A. Chang; James A. Michaelov; Benjamin K. Bergen,Catherine Arnett
"Sep 21, 2025",,Scaling Self-Supervised Representation Learning for Symbolic Piano Performance,"Bradshaw, Spangher, Fan, Biderman, and Colton","Training Models, Multimodal",,ISMIR,,,https://arxiv.org/abs/2506.23869,,Louis Bradshaw; Alexander Spangher; Honglu Fan; Stella Biderman; Simon Colton,Louis Bradshaw; Honglu Fan; Alexander Spangher; Stella Biderman
"Sep 24, 2025",,A Traditional Approach to Symbolic Piano Continuation,"Zhou-Zheng, Backsund, Chan, Coventry, Eslami, Goel, Han, Soomro, and Wei","Training Models, Multimodal",SOAR 2025,,MIREX @ ISMIR,First Place at the Symbolic Music Generation competition,https://arxiv.org/abs/2509.12267,,Christian Zhou-Zheng; John Backsund; Dun Li Chan; Alex Coventry; Avid Eslami; Jyotin Goel; Xingwen Han; Danysh Soomro; Galen Wei,Christian Zhou-Zheng; John Backsund; Alex Coventry; Xingwen Han; Danysh Soomro
"Sep 27, 2025",,Open Problems in Mechanistic Interpretability,"Sharkey, Chughtai, Batson, Lindsey, Wu, and 24 others",Model Internals,,TMLR,,Survey Certification,https://arxiv.org/abs/2501.16496,,Lee Sharkey; Bilal Chughtai; Joshua Batson; Jack Lindsey; Jeff Wu; Lucius Bushnaq; Nicholas Goldowsky-Dill; Stefan Heimersheim; Alejandro Ortega; Joseph Bloom; Stella Biderman; Adria Garriga-Alonso; Arthur Conmy; Neel Nanda; Jessica Rumbelow; Martin Wattenberg; Nandi Schoots; Joseph Miller; Eric J. Michaud; Stephen Casper; Max Tegmark; William Saunders; David Bau; Eric Todd; Atticus Geiger; Mor Geva; Jesse Hoogland; Daniel Murfet; Tom McGrath,Stella Biderman
"Sep 29, 2025",,Binary Sparse Coding for Interpretability,"Quirke, Shabalin, and Belrose",Model Internals,,,,,https://arxiv.org/abs/2509.25596,,Lucia Quirke; Stepan Shabalin; Nora Belrose,Lucia Quirke; Nora Belrose
"Oct 7, 2025",,RADLADS: Rapid Attention Distillation to Linear Attention Decoders at Scale,"Goldstein, Alcaide, Lu, and Cheah",Training Models,,COLM,,,https://arxiv.org/abs/2505.03005,,Daniel Goldstein; Eric Alcaide; Janna Lu; Eugene Cheah,Daniel Goldstein; Eric Alcaide; Eugene Cheah
"Oct 7, 2025",TRUE,"RWKV-7 ""Goose"" with Expressive Dynamic State Evolution","Peng, Zhang, Goldstein, Alcaide, Du, and 13 others",Training Models,,COLM,,,https://arxiv.org/abs/2503.14456,,Bo Peng; Ruichong Zhang; Daniel Goldstein; Eric Alcaide; Xingjian Du; Haowen Hou; Jiaju Lin; Jiaxing Liu; Janna Lu; William Merrill; Guangyu Song; Kaifeng Tan; Saiteja Utpala; Nathan Wilce; Johan S. Wind; Tianyi Wu; Daniel Wuttke; Christian Zhou-Zheng,Bo Peng; Daniel Goldstein; Eric Alcaide; Guangyu Song; Saiteja Utpala; Nathan Wilce; Daniel Wuttke; Christian Zhou-Zheng
"Oct 21, 2025",,CCS-Lib: A Python Package to Elicit Latent Knowledge from LLMs,"Laurito, Belrose, Mallen, Kozaronek, Roger, and 12 others","Model Internals, Behavioral Safety",,Journal of Open Source Software,,,https://joss.theoj.org/papers/10.21105/joss.06511,,Walter Laurito; Nora Belrose; Alex Mallen; Kay Kozaronek; Fabien Roger; Christy Koh; James Chua; Jonathan Ng; Alexander Wan; Reagan Lee; Ben W.; Kyle O'Brien; Augustas Macijauskas; Eric Mungai Kinuthia; Marius Pl; Waree Sethapun; Kaarel Hänni,Nora Belrose; Alex Mallen; James Chua; Ben W.; Kyle O'Brien; Eric Mungai Kinuthia
"Nov 25, 2025",,Video Deepfake Abuse: How Company Choices Predictably Shape Misuse Patterns,"Kamachee, Casper, Ding, Yew, Reuel, Biderman, and Hadfield-Menell","Multimodal, Open-Weight Safety, Behavioral Safety, AI Governance & Societal Impacts",,,,,https://arxiv.org/abs/2512.11815,,Max Kamachee; Stephen Casper; Michelle L. Ding; Rui-Jie Yew; Anka Reuel; Stella Biderman; Dylan Hadfield-Menell,Stella Biderman
"Dec 1, 2025",,"Persona-Vector Routing: A Lightweight, Interpretable Guardrail for Mitigating LLM Hallucinations",Imran and Chatterjee,"Model Internals, Behavioral Safety",SOAR 2025,,Workshop on LLM Persona Modeling @ NeurIPS,,https://neurips.cc/virtual/2025/129955,,Ayesha Imran; Soham Chatterjee,Ayesha Imran; Soham Chatterjee
"Dec 2, 2025",,The Ghost in the Keys: A Disklavier Demo for Human-AI Musical Co-Creativity,"Bradshaw, Spangher, Biderman, and Colton",Multimodal,,AI4Music @ NeurIPS,,,https://arxiv.org/abs/2511.01663,,Louis Bradshaw; Alexander Spangher; Stella Biderman; Simon Colton,Stella Biderman
"Dec 2, 2025",,Explaining and Mitigating Cross-Linguistic Tokenizer Inequalities,"Arnett, Chang, Biderman, and Bergen","Misc., Multilingual",,NeurIPS,,,https://arxiv.org/abs/2406.16829,,Catherine Arnett; Tyler A. Chang; Stella Biderman; Benjamin K. Bergen,Catherine Arnett; Stella Biderman
"Dec 2, 2025",TRUE,"More of the Same: Persistent Representational Harms
Under Increased Representation","Mickel, De-Arteaga, Liu, and Tian","Evaluation, Behavioral Safety, AI Governance & Societal Impacts",,NeurIPS,,,https://arxiv.org/abs/2503.00333,,Jennifer Mickel; Maria De-Arteaga; Leqi Liu; Kevin Tian,Jennifer Mickel
"Dec 2, 2025",TRUE,The Common Pile v0.1: An 8TB Dataset of Public Domain and Openly Licensed Text,"Kandpal, Lester, Raffel, Majstorović, Biderman, and 22 others",Data,,NeurIPS Datasets and Benchmarks,,,https://arxiv.org/abs/2506.05209,,Nikhil Kandpal; Brian Lester; Colin Raffel; Sebastian Majstorovic; Stella Biderman; Baber Abbasi; Luca Soldaini; Enrico Shippole; A. Feder Cooper; Aviya Skowron; John Kirchenbauer; Shayne Longpre; Lintang Sutawika; Alon Albalak; Zhenlin Xu; Guilherme Penedo; Loubna Ben Allal; Elie Bakouch; John David Pressman; Honglu Fan; Dashiell Stander; Guangyu Song; Aaron Gokaslan; Tom Goldstein; Brian R. Bartoldson; Bhavya Kailkhura; Tyler Murray,Sebastian Majstorovic; Stella Biderman; Baber Abbasi; Aviya Skowron; Lintang Sutawika; John David Pressman; Honglu Fan; Dashiell Stander; Guangyu Song
"Dec 6, 2025",,Benchmark Disaggregation Improves Interpretability of Training Dynamics,Michaelov and Arnett,Learning Dynamics,,,CogInterp Workshop at NeurIPS 2025,,https://arxiv.org/abs/2510.24934,,James A. Michaelov; Catherine Arnett,Catherine Arnett
"Dec 7, 2025",,Token Entanglement in Subliminal Learning,"Zur, Ying, Loftus, Şahin, Yu, Quirke, Rott Shaham, Shapira, Orgad, and Bau","Learning Dynamics, Model Internals, Behavioral Safety",,,Mech Interp Workshop @ NeurIPS,,https://openreview.net/forum?id=auKgpBRzIW,,Amir Zur; Zhuofan Ying; Alexander Russell Loftus; Kerem Şahin; Steven Yu; Lucia Quirke; Tamar Rott Shaham; Natalie Shapira; Hadas Orgad; David Bau,Lucia Quirke
"Dec 7, 2025",,Mitigating Emergent Misalignment with Data Attribution,"Jaburi, Paulo, Shabalin, Quirke, and Belrose","Data, Behavioral Safety",,,Mech Interp Workshop @ NeurIPS,,https://openreview.net/forum?id=gN7pWmjiQW,,Lucia Quirke; Stepan Shabalin; Louis Jaburi; Gonçalo Paulo; Nora Belrose,Lucia Quirke; Stepan Shabalin; Louis Jaburi; Gonçalo Paulo; Nora Belrose
"Feb 16, 2026",,"Concept Influence: Leveraging Interpretability to Improve
Performance and Efficiency in Training Data Attribution","Kowal, Paulo, Jaburi, Tseng, McKinney, Heimersheim, Tucker, Gleave, and Pelrine","Data, Model Internals",,,,,https://arxiv.org/abs/2602.14869,,Matthew Kowal; Goncalo Paulo; Louis Jaburi; Tom Tseng; Lev E McKinney; Stefan Heimersheim; Aaron David Tucker; Adam Gleave; Kellin Pelrine,Gonçalo Paulo; Louis Jaburi
"Feb 18, 2026",,"Queer NLP: A Critical Survey on Literature Gaps, Biases and Trends","Weber, Wang, Gupta, Subramonian, Ulmer, and 14 others",AI Governance & Societal Impacts,,,,,https://arxiv.org/abs/2602.16151,,Sabine Weber; Angelina Wang; Ankush Gupta; Arjun Subramonian; Dennis Ulmer; Eshaan Tanwar; Geetanjali Aich; Hannah Devinney; Jacob Hobbs; Jennifer Mickel; Joshua Tint; Mae Sosto; Ray Groshan; Simone Astarita; Vagrant Gautam; Verena Blaschke; William Agnew; Wilson Y Lee; Yanan Long,Jennifer Mickel
"Mar 27, 2026",,How Open Must Language Models be to Enable Reliable Scientific Inference?,"Michaelov, Arnett, Chang, Rivière, Taylor, Jones, Trott, Levy, Bergen, and Altman",Misc.,,NeurIPS Datasets and Benchmarks,,,https://arxiv.org/abs/2603.26539,,James A. Michaelov; Catherine Arnett; Tyler A. Chang; Pamela D. Rivière; Samuel M. Taylor; Cameron R. Jones; Sean Trott; Roger P. Levy; Benjamin K. Bergen; Micah Altman,Catherine Arnett
"Apr 23, 2026",TRUE,Deep Ignorance: Filtering Pretraining Data Builds Tamper-Resistant Safeguards into Open-Weight LLMs,"O'Brien, Casper, Anthony, Korbak, Kirk, Davies, Mishra, Irving, Gal, and Biderman","Training Models, Open-Weight Safety",,ICLR,BioSafe Workshop @ NeurIPS,Best Paper Runner-Up at BioSafe Workshop,https://arxiv.org/abs/2508.06601,www.deepignorance.ai,Kyle O'Brien; Stephen Casper; Quentin Anthony; Tomek Korbak; Robert Kirk; Xander Davies; Ishan Mishra; Geoffrey Irving; Yarin Gal; Stella Biderman,Kyle O'Brien; Quentin Anthony; Stella Biderman
"Apr 23, 2026",,Evaluating SAE interpretability without explanations,Paulo and Belrose,"Evaluation, Model Internals",,ICLR,Mech Interp Workshop @ NeurIPS,,https://arxiv.org/abs/2507.08473,,Gonçalo Paulo; Nora Belrose,Gonçalo Paulo; Nora Belrose
"Apr 23, 2026",,Sparse Autoencoders Trained on the Same Data Learn Different Features,Paulo and Belrose,Model Internals,,ICLR,Mech Interp Workshop @ NeurIPS,,https://arxiv.org/abs/2501.16615,,Gonçalo Paulo; Nora Belrose,Gonçalo Paulo; Nora Belrose
"Apr 27, 2026",,The Spatial Blindspot of Vision-Language Models,"Alam, Murali, Bharadwaj, Liu, Chung, Sharma, A, Kiran, Tam, and Vegesna","Training Models, Multimodal",SOAR 2025,,I Can't Believe It's Not Better @ ICLR,,https://arxiv.org/abs/2601.09954,,Nahid Alam; Leema Krishna Murali; Siddhant Bharadwaj; Patrick Liu; Timothy Chung; Drishti Sharma; Akshata A; Kranthi Kiran; Wesley Tam; Bala Krishna S Vegesna,Kranthi Kiran; Wesley Tam
"May 4, 2026",,Attention-Guided Audio Compression for Multimodal LLM,"Rane, Vatsa, Pethe, Aktolun, Li, and Singh","Training Models, Multimodal",SOAR 2025,,Low-Resource Audio Codec @ ICASSP,,https://ieeexplore.ieee.org/abstract/document/11461737,,Prerana Rane; Amitesh Vatsa; Yash Pethe; Ogan Batu Aktolun; Kevin Li; Ishan Singh,Prerana Rane; Amitesh Vatsa; Yash Pethe; Ogan Batu Aktolun; Kevin Li; Ishan Singh
"May 11, 2026",,Key-Value Means: Transformers with Expandable Block-Recurrent Compressed Memory,"Goldstein, Singhal, Cheah",Training Models,,,,,https://arxiv.org/abs/2605.09877,,"Daniel Goldstein, Navneel Singhal, Eugene Cheah","Daniel Goldstein, Eugene Cheah"
"Jun 11, 2026",,LoRA-Muon: Spectral Steepest Descent on the Low-Rank Manifold,"Cesista, Crowson, Simal, and Biderman",Training Models,,NeurIPS,,,https://arxiv.org/abs/2606.12921,,Franz Louis Cesista; Katherine Crowson; Cédric Simal; Stella Biderman,Franz Louis Cesista; Katherine Crowson; Cédric Simal; Stella Biderman
"Jun 12, 2026",,Every Eval Ever: A Unifying Schema and Community Repository for AI Evaluation Results,"Batzner, Nelaturu, Stachura, Kornilova, and 44 others",Evaluation,,NeurIPS Datasets and Evaluations,,,https://arxiv.org/abs/2606.14516,,Jan Batzner; Sree Harsha Nelaturu; Damian Stachura; Anastassia Kornilova; Jon Crall; Tommaso Cerruti; Yanan Long; Yifan Mai; Sumati Ahuja; Asaf Yehudai; Marek Šuppa; John P. Lalor; Oluwagbemike Olowe; Jatin Ganhotra; Brian H. Hu; Eliya Habba; Andrew M. Bean; Chang Liu; Sander Land; Steven Dillmann; Aniketh Garikaparthi; Elron Bandel; Saki Imai; James Edgell; Wm. Matthew Kennedy; Jenny Chim; Patrick Meusling; Asteria Kaeberlein; Venkata Ramachandra Karthik Chundi; Manasi Patwardhan; Martin Ku; Austin Meek; Leon Knauer; Brian Wingenroth; Srishti Yadav; Usman Gohar; Felix Friedrich; Michelle Lin; Jennifer Mickel; Arman Cohan; Stella Biderman; Irene Solaiman; Zeerak Talat; Anka Reuel; Mubashara Akhtar; Gjergji Kasneci; Avijit Ghosh; Leshem Choshen,Jennifer Mickel; Stella Biderman
"Jun 25, 2026",,Challenges to Grassroot Organization Engagement with AI Policy,"Mickel, Buckner, Agnew, Long, Lin, Alaka, Wang, Arora, Swaminathan, and Subramonian",AI Governance & Societal Impacts,,FAccT,Algorithmic Collective Action @ NeurIPS,,https://nips.cc/virtual/2025/136959,,Jennifer Mickel; Carter Buckner; William Agnew; Yanan Long; Michelle Lin; B. V. Alaka; Angelina Wang; Sarthak Arora; Nandhini Swaminathan; Arjun Subramonian,Jennifer Mickel
"Jul 2, 2026",,CommonLID: Re-evaluating State-of-the-Art Language Identification Performance on Web Data,"Ortiz Suarez, Burchell, Arnett, and 94 others","Data, Evaluation, Multilingual",,ACL,,,https://arxiv.org/abs/2601.18026,,Pedro Ortiz Suarez; Laurie Burchell; Catherine Arnett; Rafael Mosquera-Gómez; Sara Hincapie-Monsalve; Thom Vaughan; Damian Stewart; Malte Ostendorff; Idris Abdulmumin; Vukosi Marivate; Shamsuddeen Hassan Muhammad; Atnafu Lambebo Tonja; Hend Al-Khalifa; Nadia Ghezaiel Hammouda; Verrah Otiende; Tack Hwa Wong; Jakhongir Saydaliev; Melika Nobakhtian; Muhammad Ravi Shulthan Habibi; Chalamalasetti Kranti; Carol Muchemi; Khang Nguyen; Faisal Muhammad Adam; Luis Frentzen Salim; Reem Alqifari; Cynthia Amol; Joseph Marvin Imperial; Ilker Kesen; Ahmad Mustafid; Pavel Stepachev; Leshem Choshen; David Anugraha; Hamada Nayel; Seid Muhie Yimam; Vallerie Alexandra Putra; My Chiffon Nguyen; Azmine Toushik Wasi; Gouthami Vadithya; Rob van der Goot; Lanwenn ar C'horr; Karan Dua; Andrew Yates; Mithil Bangera; Yeshil Bangera; Hitesh Laxmichand Patel; Shu Okabe; Fenal Ashokbhai Ilasariya; Dmitry Gaynullin; Genta Indra Winata; Yiyuan Li; Juan Pablo Martínez; Amit Agarwal; Ikhlasul Akmal Hanif; Raia Abu Ahmad; Esther Adenuga; Filbert Aurelian Tjiaranata; Weerayut Buaphet; Michael Anugraha; Sowmya Vajjala; Benjamin Rice; Azril Hafizi Amirudin; Jesujoba O. Alabi; Srikant Panda; Yassine Toughrai; Bruhan Kyomuhendo; Daniel Ruffinelli; Akshata A; Manuel Goulão; Ej Zhou; Ingrid Gabriela Franco Ramirez; Cristina Aggazzotti; Konstantin Dobler; Jun Kevin; Quentin Pagès; Nicholas Andrews; Nuhu Ibrahim; Mattes Ruckdeschel; Amr Keleg; Mike Zhang; Casper Muziri; Saron Samuel; Sotaro Takeshita; Kun Kerdthaisong; Luca Foppiano; Rasul Dent; Tommaso Green; Ahmad Mustapha Wali; Kamohelo Makaaka; Vicky Feliren; Inshirah Idris; Hande Celikkanat; Abdulhamid Abubakar; Jean Maillard; Benoît Sagot; Thibault Clérice; Kenton Murray; Sarah Luger,Catherine Arnett
"Jul 2, 2026",,Weight Tying Biases Token Embeddings Towards the Output Space,"Lopardo, Harish, Arnett, and Gupta","Training Models, Model Internals",,ACL Findings,,,https://arxiv.org/abs/2603.26663,,Antonio Lopardo; Avyukth Harish; Catherine Arnett; Akshat Gupta,Antonio Lopardo; Catherine Arnett
"Jul 4, 2026",,L1 Influence in L2 Language Models: A Human-centric Approach,"Barbenel, Goulder, O’Driscoll, Salhan, Arnett, Caines, and Buttery","Misc., Multilingual",,,Computational Developmental Linguistics Workshop at ACL,,https://aclanthology.org/2026.cdl-1.15/,,Laura Barbenel; Lily Goulder; Aoife O’Driscoll; Suchir Salhan; Catherine Arnett; Andrew Caines; Paula Buttery,Catherine Arnett
"Jul 7, 2026",,When AI Benchmarks Plateau: A Systematic Study of Benchmark Saturation,"Akhtar, Reuel, and 35 others",Evaluation,,ICML,,,https://arxiv.org/abs/2602.16763,,Mubashara Akhtar; Anka Reuel; Prajna Soni; Sanchit Ahuja; Pawan Sasanka Ammanamanchi; Ruchit Rawal; Vilém Zouhar; Srishti Yadav; Chenxi Whitehouse; Dayeon Ki; Jennifer Mickel; Leshem Choshen; Marek Šuppa; Jan Batzner; Jenny Chim; Jeba Sania; Yanan Long; Hossein A. Rahmani; Christina Knight; Yiyang Nan; Jyoutir Raj; Yu Fan; Shubham Singh; Subramanyam Sahoo; Eliya Habba; Usman Gohar; Siddhesh Pawar; Robert Scholz; Arjun Subramonian; Jingwei Ni; Mykel Kochenderfer; Sanmi Koyejo; Mrinmaya Sachan; Stella Biderman; Zeerak Talat; Avijit Ghosh; Irene Solaiman,Jennifer Mickel; Stella Biderman
"Jul 8, 2026",,Faults in Our Formal Benchmarking: Dataset Defects and Evaluation Failures in Lean Theorem Proving,"Ammanamanchi, Bhat, and Biderman","Evaluation, AI4Science",,ICML,Math-AI Workshop @ NeurIPS,,https://arxiv.org/abs/2606.29493,,Pawan Sasanka Ammanamanchi; Siddharth Bhat; Stella Biderman,Pawan Sasanka Ammanamanchi; Stella Biderman
"Jul 8, 2026",,Who Evaluates AI's Social Impacts? Mapping Coverage and Gaps in First and Third Party Evaluations,"Reuel, Ghosh, Chim, and 32 others","Evaluation, Behavioral Safety, AI Governance & Societal Impacts",,ICML,,,https://arxiv.org/abs/2511.05613,,Anka Reuel; Avijit Ghosh; Jenny Chim; Andrew Tran; Yanan Long; Jennifer Mickel; Usman Gohar; Srishti Yadav; Pawan Sasanka Ammanamanchi; Mowafak Allaham; Hossein A. Rahmani; Mubashara Akhtar; Felix Friedrich; Robert Scholz; Michael Alexander Riegler; Jan Batzner; Eliya Habba; Arushi Saxena; Anastassia Kornilova; Kevin Wei; Prajna Soni; Yohan Mathew; Kevin Klyman; Jeba Sania; Subramanyam Sahoo; Olivia Beyer Bruvik; Pouya Sadeghi; Sujata Goswami; Angelina Wang; Yacine Jernite; Zeerak Talat; Stella Biderman; Mykel Kochenderfer; Sanmi Koyejo; Irene Solaiman,Jennifer Mickel; Stella Biderman
"Jul 10, 2026",,Quantifying the Effect of Test Set Contamination on Generative Evaluations,"Schaeffer, Kazdan, Abbasi, Liu, Miranda, Ahmed, Puri, Mireshghallah, and Koyejo","Data, Evaluation",,,Foundations of Deep Generative Models @ ICML,,https://arxiv.org/abs/2601.04301,,Rylan Schaeffer; Joshua Kazdan; Baber Abbasi; Ken Ziyu Liu; Brando Miranda; Ahmed Ahmed; Fazl Berez; Abhay Puri; Stella Biderman; Niloofar Mireshghallah; Sanmi Koyejo,Baber Abbasi; Stella Biderman
"Jul 10, 2026",TRUE,"Don't Just ""Fix it in Post'': A Science of AI Must Study Learning Dynamics","Biderman, Khan, Mireshghallah, Arnett, Barez, and Saphra","Training Models, Learning Dynamics, Model Internals, Open-Weight Safety",,ICML,MechInterp Workshop @ ICML,Oral at ICML,https://arxiv.org/abs/2606.06533,,Stella Biderman; Mohammad Aflah Khan; Nilofar Mireshghallah; Catherine Arnett; Fazl Barez; Naomi Saphra,Stella Biderman; Catherine Arnett
"Jul 10, 2026",,Automated Attribution Graph Interpretation via Probe Prompting,Birardi and Paulo,Model Internals,,,Mechanistic interpretability workshop @ ICML,,https://arxiv.org/abs/2511.07002,,G. Birardi; Gonçalo Paulo,Gonçalo Paulo
"Jul 10, 2026",,What AI Governance Needs from Mechanistic Auditing,"Barez, Mireshghallah, Osborne, Biderman. Lazar, Trager","AI Governance & Societal Impacts, Model Internals",,,TAGIR @ ICML,,https://openreview.net/forum?id=3Vj7YtFlAm,,"Fazl Barez, Niloofar Mireshghallah, Michael A Osborne, Stella Biderman, Seth Lazar, Robert F Trager",Stella Biderman
"Jul 11, 2026",,Thought Virus: Viral Misalignment via Subliminal Prompting in Multi-Agent Systems,"Weckbecker, Müller, Hagag, and Mulet",Behavioral Safety,,,Agents in the Wild @ ICML,,https://arxiv.org/abs/2603.00131,,Moritz Weckbecker; Jonas Müller; Ben Hagag; Michael Mulet,Moritz Weckbecker; Jonas Müller; Michael Mulet
"Jul 11, 2026",,What Helps Agentic Lean Provers? A Trace-Level Attribution Study,Ammanamanchi,AI4Science,,,Math4AI Workshop @ ICML,,https://openreview.net/forum?id=ShhLinF41r,,Pawan Sasanka Ammanamanchi,Pawan Sasanka Ammanamanchi
"Sep 16, 2026",,PACT: Can Enterprise AI Assistants Be Trusted Under Pressure?,Okamoto and Erol,"Behavioral Safety, Evaluation",SOAR 2026,,,,https://arxiv.org/abs/2609.18605,,"Mika Okamoto, Ansel Kaplan Erol","Mika Okamoto, Ansel Kaplan Erol"
"Oct 6, 2026",,Where Does Social Reasoning Come From? Capability Provenance in Language Models,Matlin and 10 others,"Data, Model Internals",,COLM,,,https://arxiv.org/abs/2606.19625,,Glenn Matlin; Chandreyi Chakraborty; Saehee Eom; Mika Okamoto; Rayan Castilla; Louis Jaburi; Alvin Deng; Taywon Min; Lucia Quirke; Stella Biderman; Mark O. Riedl,Louis Jaburi; Alvin Deng; Lucia Quirke; Stella Biderman
"Oct 24, 2026",TRUE,Bergson: An Open Source Library for Data Attribution,"Quirke, Jaburi, Johnston, Li, Paulo, Martres, Gupta, Biderman, and Belrose","Data, Model Internals",,EMNLP System Demonstrations,ATTRIB @ NeurIPS,,https://arxiv.org/abs/2606.11660,,Lucia Quirke; Louis Jaburi; David Johnston; William Z. Li; Gonçalo Paulo; Guillaume Martres; Girish Gupta; Stella Biderman; Nora Belrose,Lucia Quirke; Louis Jaburi; David Johnston; Gonçalo Paulo; Stella Biderman; Nora Belrose
"Oct 24, 2026",,No Single Tokenizer Feature Reliably Predicts Downstream Language Model Performance,"Lopardo, Frentzen Salim, Srivastava, Jiang, Sharma, and Arnett",Training Models,SOAR 2025,EMNLP Findings,,,,,"Lopardo, Frentzen Salim, Srivastava, Jiang, Sharma, and Arnett",Catherine Arnett
"Oct 24, 2026",,BuzzASR: A Swarm of 100+ Monolingual Speech Recognition Models,"Singh, Yadavalli, Arnett, and Warstadt","Multimodal, Training Models, Multilingual",,EMNLP Findings,,,https://arxiv.org/abs/2609.09554,,"Singh, Yadavalli, Arnett, and Warstadt",Catherine Arnett
"Oct 24, 2026",,Cross-Lingual Alignment Without Joint Training: Do Monolingual Language Models Converge on Universal Representations?,"Zhou, Salhan, Arnett, and Korhonen","Model Internals, Multilingual",,EMNLP,,,https://arxiv.org/abs/2608.27115,,"Zhou, Salhan, Arnett, and Korhonen",Catherine Arnett
"Oct 24, 2026",,Apples to Apples? Towards Comparable Crosslingual Language Model Evaluation,"Yang, Wilcox, and Arnett","Evaluation, Multilingual",,EMNLP,,,https://arxiv.org/abs/2608.25089,,"Yang, Wilcox, and Arnett",Catherine Arnett
"Oct 24, 2026",,Beetle: Structured Exposure Pretraining in Bilingual Language Models for Modelling L2 Language Processing,"Salhan, Arnett, Michaelov, and Buttery","Training Models, Multilingual",,EMNLP,,,,,"Salhan, Arnett, Michaelov, and Buttery",Catherine Arnett
"Dec 6, 2026",,Global PIQA: Evaluating Physical Commonsense Reasoning Across 100+ Languages and Cultures,"Chang, Arnett, and 378 others","Evaluation, Multilingual",,NeurIPS Evaluations and Benchmarks,,,https://arxiv.org/abs/2510.24081,,Tyler A. Chang; Catherine Arnett; Abdelrahman Sadallah; Abdelrahman Eldesokey; Abeer Kashar; Abolade Daud; Abosede Grace Olanihun; Adamu Labaran Mohammed; Adeyemi Praise; Adhikarimayum Meerajita Sharma; Aditi Gupta; Adril Putra Merin; Adwoa Bremang; Afitab Iyigun; Afonso Simplício; Ahmed Essouaied; Aicha Chorana; Akhil Eppa; Akintunde Oladipo; Akriti Kuri; Akshay Ramesh; Aleksei Dorkin; Alfred Malengo Kondoro; Alham Fikri Aji; Ali Eren Çetintaş; Allan Hanbury; Alou Dembele; Alp Niksarli; Álvaro Arroyo; Amin Bajand; Amol Khanna; Ana Chkhaidze; Ana Carolina Condez; Anamaria-Roberta Hartl; Andiswa Mkhonto; Andrew Hoblitzell; Andrew Tran; Angelos Poulis; Anirban Majumder; Anjali Chaudhary; Anna Vacalopoulou; Annette Kuuipolani Kanahele Wong; Annika Simonsen; Anton Kovalev; Anupam Nayak; Ashvanth S; Ayodeji Lana; Ayu Purwarianti; Bashar Alhafni; Benedict Busole; Bernard Ghanem; Bharti Nathani; Biljana Stojanovska Đurić; Blessing Ogundipe; Bolaotan Agbonile; Bragi Bergsson; Bruce Torres Fischer; Burak Tutar; Burcu Çınar; Cade Kane; Can Udomcharoenchaikit; Chadi Helwe; Chaithra Reddy Nerella; Chen Cecilia Liu; Chiamaka Nwokolo; Christopher Homan; Clément Sampebgo; Cristina España-Bonet; Cynthia Amol; Daeyoep Lee; Dan Saattrup Smart; Dana Arad; Daniil Dzenhaliou; Dasol Choi; David Liu; David Semedo; David Anugraha; Deborah Popoola; Deividas Mataciunas; Delphine Nyaboke; Dennis Owusu; Dhyuthy Krishna Kumar; Diogo Tavares; Diogo Glória-Silva; Divyanshu Goyal; DongGeon Lee; E. Kelly Buchanan; Ebele Nwamaka Anajemba; Egonu Ngozi Grace; Elena Mickel; Elias Herranen; Eliza Acharya; Eman Nisar; Emile Anand; Emmanuel Habumuremyi; Emuobonuvie Maria Ajiboye; Eryawan Presma Yulianrifat; Esther Adenuga; Ewa Rudnicka; Faith Itiola; Faran Taimoor Butt; Fareeha Fayyaz Sheikh; Fathima Thekkekara; Fatima Haouari; Faustin Nsengiyumva; Fenal Ashokbhai Ilasariya; Filbert Aurelian Tjiaranata; Firas Laakom; Francesca Grasso; Francesco Periti; Francesco Orabona; Gbenga Kayode Solomon; Genta Indra Winata; Gia Nghia Ngo; Gloria Udhedhe-oze; Gonçalo Vinagre; Gopi Naga Sai Ram Challagolla; Gorka Urbizu-Garmendia; Gouthami Vadithya; Guijin Son; Gulnaz Abdykadyrova; Gyan Swaroop Mohapatra; Hafeez Ullah; Hafsteinn Einarsson; Hai Hu; Hamidreza Saffari; Hamza Zaidi; Haopeng Zhang; Harethah Abu Shairah; Harry Vuong; Hele-Andra Kuulmets; Hitesh Laxmichand Patel; Houda Bouamor; Hwanjo Yu; Iben Nyholm Debess; İbrahim Ethem Deveci; Ikhlasul Akmal Hanif; Ikhyun Cho; Inês Vieira; Inês Calvo; Isaac Manzi; Ismael Illa Salifou; Ismail Daud; Ismail Yusuf; Itay Itzhak; Ivan Zhelyazkov; Ivan Belashkin; Ivan Spada; Jacob Brinton; Jafar Isbarov; Jaka Čibej; Jan Kocoń; Jan Cuhel; Jauza Krito; Jebish Purbey; Jennifer Za; Jennifer Mickel; Jenny Kunz; Jessica Ratovondranto; Jeyarajalingam Varsha; Jihae Jeong; Jimena Tena Dávalos; Jinu Lee; João Magalhães; John Seon Keun Yi; Jongin Kim; Joseph Chataignon; Joseph Marvin Imperial; Jubeerathan Thevakumar; Judith Land; Julia Alekseenko; Junchen Jiang; Jungwhan Kim; Kairit Sirts; Kamesh R; Kamesh V; Kanda Tshinu; Kätriin Kukk; Kaustubh Ponkshe; Kavsar Huseynova; Ke He; Kenneth Enevoldsen; Kent Joshua Alvarez; Kerem Zaman; Khalil Mrini; Kian Kyars; Komal Gour; Krishnakumar Lainitha; Krister Kruusmaa; Kunal Mukherjee; Kusum Chouhan; Laura Castro; Laura M. Porrino-Moscoso; Lenny Sivi Za Nzambi; Leshem Choshen; Levent Sencan; Lilja Øvrelid; Lisa Alazraki; Loretta Oma Jones; Lovina Ehimen-Ugbede; Luheerathan Thevakumar; Luxshan Thavarasa; Mahnoor Malik; Mamadou K. Keita; Mansi Jangid; Marco De Santis; Marcos Garcia; Marek Šuppa; Mariam D'Ciofalo; Marii Ojastu; Marium Attaullah; Maryam Sikander; Mausami Narayan; Maximos Skandalis; Mehak Mehak; Mehmet İlteriş Bozkurt; Melaku Bayu; Menan Velayuthan; Mhasilenuo Vizo; Michael Leventhal; Michał Marcińczuk; Mina Almasi; Mirna Potočnjak; Mithil Bangera; Mohammadamin Shafiei; Mohiba Ansari; Mridul Sharma; Mrityunjaya Indoria; Mughees Ur Rehman; Muhammad Ravi Shulthan Habibi; Murat Kolić; Murat Barkın Kınay; Nada Galant; Naina Singh Rathore; Naphat Permpredanun; Narada Maugin; Nathalie Norman; Nicholas Kluge Corrêa; Nikola Ljubešić; Nirmal Thomas; Nisansa de Silva; Nisheeth Joshi; Nitish Ponkshe; Nizar Habash; Nneoma Udeze; Noel Thomas; Noémi Ligeti-Nagy; Nouhoum Coulibaly; Odunayo Ogundepo; Odunayo Kareemat Buliaminu; Oghojafor Godswill Fejiro; Okechukwu God'spraise; Olanrewaju Samuel; Olaoye Deborah Oluwaseun; Olasoji Akindejoye; Olga Snissarenko; Onyinye Anulika Chiemezie; Orkun Kınay; Osman Tursun; Oyelade Oluwafemi Joshua; Oyesanmi Fiyinfoluwa; Pablo Rodríguez; Pablo Gamallo; Palak Arora; Pedro Valente; Peter Rupnik; Philip Oghenesuowho Ekiugbo; Prakhar Agarwal; Pramit Sahoo; Prokopis Prokopidis; Pua Niau-Puhipau; Quadri Yahya; Rachele Mignone; Raghav Singhal; Rahul Raja; Ram Mohan Rao Kadiyala; Raphael Merx; Rasmus Larsen; Ratnavel Rajalakshmi; Rishav Ghosh; Romina Oji; Ron Kekeha Solis; Rui Guerra; Rushikesh Zawar; Sa'ad Nasir Bashir; Saeed Alzaabi; Sahil Sandeep; Sai Pavan Batchu; Sai Sandeep Kantareddy; Saleha Muzammil; Salsabila Zahirah Pranida; Sam Buchanan; Samuel Rutunda; Sander Land; Sarah Sulollari; Sardar Ali; Saroj Sapkota; Sarveswaran Kengatharaiyer; Saulius Tautvaisas; Sayambhu Sen; Sayantani Banerjee; Sebastien Diarra; Segun Afolayan; Senthilnathan M; Sewoong Lee; Shaan Shah; Shankar Venkitachalam; Sharifa Djurabaeva; Sharon Ibejih; Shivanya Shomir Dutta; Siddhant Gupta; Silvia Paniagua Suárez; Sina Ahmadi; Sivasuthan Sukumar; Siyuan Song; Snegha A; Sokratis Sofianopoulos; Sona Elza Simon; Sonja Benčina; Sophie Gvasalia; Sphurti More; Spyros Dragazis; Stefan Milosavljević; Stephan P. Kaufhold; Suba S; Sultan Alrashed; Surangika Ranathunga; Taiga Someya; Taja Kuzman Pungeršek; Tal Haklay; Tasi'u Jibril; Tatsuya Aoyama; Tea Abashidze; Terenz Jomar Dela Cruz; Terra Blevins; Themistoklis Nikas; Theresa Idoko; Thu Mai Do; Tilek Chubakov; Tina Munda; Tobiloba Owoeye; Tommaso Gargiani; Uma Rathore; Uni Johannesen; Uwuma Ugwu; Vallerie Alexandra Putra; Vanya Bannihatti Kumar; Varvara Arzt; Vasily Konovalov; Vasudevan Nedumpozhimana; Viktoria Ondrejova; Viktoryia Horbik; Vishnu Vardhan Reddy Kummitha; Vuk Dinić; Walelign Sewunetie; Winston Wu; Xiaojing Zhao; Yacouba Diarra; Yaniv Nikankin; Yash Mathur; Yash Bagla; Yeshil Bangera; Yixi Chen; Yiyuan Li; Yolanda Xavier; Yonatan Belinkov; Zaid Alyafeai; Zhargal Batozargalova; Zhengyang Shan; Zhi Rui Tam; Zilu Tang; Zuzana Nadova; Baber Abbasi; Stella Biderman; David Stap; Duygu Ataman; Fabian Schmidt; Hila Gonen; Jiayi Wang; David Ifeoluwa Adelani,Catherine Arnett; Jennifer Mickel; Baber Abbasi; Stella Biderman
"Dec 6, 2026",,Soohak: A Mathematician-Curated Benchmark for Evaluating Research-level Math Capabilities of LLMs,"Son, Kim, Arnett, Ko, Lee, Kang, Jiang, Yun, Lee, Lee, Kim, Park, Hong, Lee, Yi, Shin, Bok, Shin, Ji, Kim, Jung, Asai, Neubig, Welleck, and 51 others","Data, Evaluation, AI4Science, Multilingual",,NeurIPS Datasets and Evaluations,,,https://arxiv.org/abs/2605.09063,,Guijin Son; Seungone Kim; Catherine Arnett; Hyunwoo Ko; Hyein Lee; Hyeonah Kang; Jiang Longxi; Jin Yun; JungYup Lee; Kyungmin Lee; Sam Yoosuk Kim; Sang Park; Seunghyeok Hong; SeungJae Lee; Seungyeop Yi; Shinae Shin; SunHye Bok; Sunyoung Shin; Yonghoon Ji; Youngtaek Kim; Hanearl Jung; Akari Asai; Graham Neubig; Sean Welleck; Youngjae Yu; Akshelin R; Alexander B. Ivanov; Boboev Muhammadjon; Chae Young Han; Christian Stump; Cooper R. Anderson; Dmitrii Karp; Dohyun Kwon; Dongryung Yi; DoYong Kwon; Duk-Soon Oh; Eunho Choi; Giovanni Resta; Greta Panova; Huiyun Noh; Hyungryul Baik; Hyungsun Bae; Inomov Mashrafdzhon; Jeewon Kim; Jeong-Rae Kim; Ji Eun Lee; Jiaqi Liu; Jieui Kang; Jimin Kim; Jon-Lark Kim; Joonyeong Won; Junseo Yoon; Junwoo Jo; Kibeom Kim; Kiwoon Kwon; Mario Kummer; Max Mercer; Min Hoon Kim; Minjun Kim; Nahyun Lee; Ng Ze-An; Nicolas Libedinsky; Rafał Marcin Łochowski; Raphaël Lachièze-Rey; Robert Auffarth; Ruichen Zhang; Sejin Park; Seonguk Seo; Shin Jaehoon; Sunatullo; Taewoong Eom; Yeachan Park; Yongseok Jang; Youchan Oh; Zhaoyang Wang; Zoltán Kovács,Guijin Son; Catherine Arnett
"Dec 6, 2026",,Evaluation Cards: An Interpretive Layer for AI Evaluation Reporting,"Ghosh, Reuel, Chim, Kennedy, and 44 others",Evaluation,,NeurIPS Datasets and Evaluations,,Spotlight,https://arxiv.org/abs/2606.09809,,Avijit Ghosh; Anka Reuel; Jenny Chim; Wm. Matthew Kennedy; Srishti Yadav; Jennifer Mickel; Yanan Long; Andrew Tran; Anastassia Kornilova; Damian Stachura; Kevin Klyman; Felix Friedrich; Jeba Sania; Jan Batzner; Anoop Mishra; Eliya Habba; Yixiong Hao; Nathan Heath; Shalaleh Rismani; Usman Gohar; Andrea Loehr; David Manheim; Ruchira Dhar; Sree Harsha Nelaturu; Aarush Sinha; Leshem Choshen; Drishti Sharma; Ishan Khire; Amit Saha; Subramanyam Sahoo; Michael Hardy; Michael Alexander Riegler; Kabir Manghnani; Michelle Lin; Yanan Jiang; Yilin Huang; Asaf Yehudai; Jessica Ji; Aris Hofmann; Mubashara Akhtar; Max Lamparth; Nuno Moniz; Yacine Jernite; Stella Biderman; Zeerak Talat; Sanmi Koyejo; Mykel Kochenderfer; Irene Solaiman,Jennifer Mickel; Stella Biderman
"Dec 12, 2026",,Scalable Search Heuristics for Inoculation Prompting,"Avyukth Nilajagi, Xinyue Liu, Nikhil Maturi, Bhiman Baghel Kumar",Behavioral Safety,SOAR 2026,,AI4GOOD @ NeurIPS,,,,"Avyukth Nilajagi, Xinyue Liu, Nikhil Maturi, Bhiman Baghel Kumar",
"Dec 13, 2026",,Agent Memory Is a Surface for Endogenous Authorization Laundering,"Cerruti, Okamoto, and Erol
",Security,SOAR 2026,,Evaluations of Interactive Agents @ NeurIPS,Oral at the Evaluations of Interactive Agents Workshop,https://arxiv.org/abs/2609.01836,,"Tommaso Cerruti, Mika Okamoto, Ansel Kaplan Erol","Tommaso Cerruti, Mika Okamoto, Ansel Kaplan Erol"